   0.00000000       300.000000    
   1.18749999E-02   21663.3398    
   1.86250005E-02   21362.3809    
   3.11249997E-02   15219.4297    
   4.36250009E-02   14317.1504    
   5.61250001E-02   13357.6797    
   8.66250023E-02   2863.22412    
  0.136625007       2178.92090    
  0.194625005       1957.87402    
  0.260125011       1887.54297    
  0.350125015       1712.90601    
  0.390625000       1489.70300    
  0.485125005       1251.57996    
  0.572624981       1076.10498    
  0.629124999       1100.34705    
  0.709124982       1074.71997    
  0.778124988       883.002197    
  0.845125020       922.212891    
  0.925125003       789.028870    
  0.986124992       937.533203    
   1.05812502       866.780212    
   1.13212502       763.060913    
   1.22462499       723.268616    
   1.28962505       667.669495    
   1.39062500       627.933777    
   1.46124995       600.685303    
   1.55799997       587.700806    
   1.65437496       584.000427    
   1.74737501       571.716980    
   1.84412503       546.583801    
   1.93337500       503.620087    
   2.01381207       860.395203    
   2.06556201       815.378784    
   2.17918706       526.733521    
   2.28634405       724.435303    
   2.39350009       674.609009    
   2.48912501       490.181885    
   2.59178090       774.971497    
   2.70428109       509.692413    
   2.80626988       477.143707    
   2.92207408       499.818695    
   3.03408194       494.765015    
   3.09926200       488.500397    
   3.21000409       856.241394    
   3.32770705       498.902191    
   3.47325397       477.309296    
   3.57766795       713.007202    
   3.68334794       462.695587    
   3.79820299       481.552795    
   3.90641403       477.880005    
   4.02728081       472.274506    
   4.12505102       686.801514    
   4.23421097       494.476715    
   4.28641796       625.846313    
   4.40554523       537.218994    
   4.45870113       561.367004    
   4.50964308       617.142578    
   4.59570503       628.244873    
   4.68429899       575.218079    
   4.78808022       517.255981    