   0.00000000       10146.2197    
   5.00000007E-02   10148.8398    
  0.100000001       10173.4297    
  0.150000006       10184.9502    
  0.200000003       10179.4297    
  0.250000000       10198.9902    
  0.300000012       10202.5801    
  0.349999994       10193.8398    
  0.400000006       10170.3398    
  0.449999988       10162.2197    
  0.500000000       10155.7900    
  0.550000012       10128.1504    
  0.600000024       10131.9902    
  0.649999976       10193.9297    
  0.699999988       10196.1602    
  0.750000000       10204.2900    
  0.800000012       10177.8398    
  0.850000024       10202.3398    
  0.899999976       10200.8203    
  0.949999988       10234.6699    
   1.00000000       10222.0098    
   1.04999995       10216.9297    
   1.10000002       10211.0498    
   1.14999998       10231.8896    
   1.20000005       10234.6299    
   1.25000000       10212.0703    
   1.29999995       10228.2100    
   1.35000002       10209.3701    
   1.39999998       10187.0195    
   1.45000005       10169.4902    
   1.50000000       10187.7998    
   1.54999995       10208.8701    
   1.60000002       10229.3096    
   1.64999998       10213.5303    
   1.70000005       10214.7998    
   1.75000000       10240.1904    
   1.79999995       10222.1602    
   1.85000002       10179.2100    
   1.89999998       10190.6797    
   1.95000005       10203.2803    
   2.00000000       10220.2100    
   2.04999995       10205.2803    
   2.09999990       10218.5400    
   2.15000010       10215.6504    
   2.20000005       10214.5703    
   2.25000000       10214.9902    
   2.29999995       10203.0703    
   2.34999990       10218.9502    
   2.40000010       10211.1904    
   2.45000005       10172.2803    
   2.50000000       10143.6602    
   2.54999995       10175.8701    
   2.59999990       10195.4404    
   2.65000010       10155.9805    
   2.70000005       10147.7803    
   2.75000000       10172.2002    
   2.79999995       10167.8203    
   2.84999990       10151.2197    
   2.90000010       10179.9697    
   2.95000005       10164.5195    
   3.00000000       10149.3398    
   3.04999995       10137.3203    
   3.09999990       10149.3799    
   3.15000010       10158.3301    
   3.20000005       10158.0801    
   3.25000000       10181.5000    
   3.29999995       10182.1299    
   3.34999990       10204.4805    
   3.40000010       10204.0000    
   3.45000005       10200.0596    
   3.50000000       10161.2002    
   3.54999995       10192.5400    
   3.59999990       10174.8701    
   3.65000010       10193.1299    
   3.70000005       10218.9902    
   3.75000000       10260.9697    
   3.79999995       10261.9805    
   3.84999990       10266.4102    
   3.90000010       10249.9297    
   3.95000005       10256.1797    
   4.00000000       10256.5303    
   4.05000019       10242.0000    
   4.09999990       10225.1201    
   4.15000010       10233.8301    
   4.19999981       10232.5898    
   4.25000000       10228.2305    
   4.30000019       10239.6699    
   4.34999990       10252.5195    
   4.40000010       10257.7598    
   4.44999981       10228.6797    
   4.50000000       10236.4902    
   4.55000019       10221.9102    
   4.59999990       10211.1104    
   4.65000010       10206.2803    
   4.69999981       10190.7803    
   4.75000000       10177.6797    
   4.80000019       10207.8604    
   4.84999990       10174.1396    
   4.90000010       10196.2402    
   4.94999981       10182.5400    
   5.00000000       10168.0000    
   5.05000019       10174.4404    
   5.09999990       10207.8398    
   5.15000010       10240.9404    
   5.19999981       10227.1602    
   5.25000000       10201.0000    
   5.30000019       10203.2900    
   5.34999990       10200.1797    
   5.40000010       10198.4805    
   5.44999981       10193.0898    
   5.50000000       10201.2002    
   5.55000019       10189.3301    
   5.59999990       10206.8896    
   5.65000010       10236.3398    
   5.69999981       10239.4297    
   5.75000000       10225.5400    
   5.80000019       10204.3096    
   5.84999990       10199.4805    
   5.90000010       10202.9297    
   5.94999981       10174.7900    
