   0.00000000       10146.2197    
   5.00000007E-02   9820.89355    
  0.100000001       9592.41602    
  0.150000006       9387.36035    
  0.200000003       9211.88574    
  0.250000000       9096.09375    
  0.300000012       9013.97266    
  0.349999994       8922.11035    
  0.400000006       8917.20605    
  0.449999988       8937.92773    
  0.500000000       8909.63086    
  0.550000012       8911.78711    
  0.600000024       8917.11523    
  0.649999976       8876.23730    
  0.699999988       8883.64844    
  0.750000000       8884.19531    
  0.800000012       8892.44043    
  0.850000024       8844.05762    
  0.899999976       8868.36328    
  0.949999988       8888.71387    
   1.00000000       8867.35840    
   1.04999995       8865.79395    
   1.10000002       8843.71289    
   1.14999998       8807.42480    
   1.20000005       8809.50488    
   1.25000000       8843.90820    
   1.29999995       8834.72070    
   1.35000002       8855.44629    
   1.39999998       8845.55566    
   1.45000005       8842.62695    
   1.50000000       8839.33887    
   1.54999995       8811.38086    
   1.60000002       8812.43555    
   1.64999998       8796.75195    
   1.70000005       8806.06934    
   1.75000000       8796.47754    
   1.79999995       8791.82129    
   1.85000002       8786.34277    
   1.89999998       8776.45020    
   1.95000005       8751.54199    
   2.00000000       8746.54980    
   2.04999995       8710.42383    
   2.09999990       8740.45996    
   2.15000010       8766.64355    
   2.20000005       8802.80566    
   2.25000000       8811.73633    
   2.29999995       8796.35547    
   2.34999990       8809.53809    
   2.40000010       8806.02344    
   2.45000005       8828.88379    
   2.50000000       8830.30176    
   2.54999995       8840.17871    
   2.59999990       8839.07324    
   2.65000010       8787.40137    
   2.70000005       8821.57910    
   2.75000000       8836.80078    
   2.79999995       8861.71094    
   2.84999990       8849.60840    
   2.90000010       8849.53125    
   2.95000005       8853.07812    
   3.00000000       8870.26074    
   3.04999995       8854.16504    
   3.09999990       8851.04688    
   3.15000010       8851.36719    
   3.20000005       8853.22070    
   3.25000000       8852.15234    
   3.29999995       8840.15820    
   3.34999990       8825.47852    
   3.40000010       8834.31152    
   3.45000005       8869.67090    
   3.50000000       8874.15430    
   3.54999995       8846.11328    
   3.59999990       8835.92969    
   3.65000010       8835.19727    
   3.70000005       8835.31445    
   3.75000000       8839.46875    
   3.79999995       8843.85352    
   3.84999990       8820.04199    
   3.90000010       8845.84961    
   3.95000005       8856.14258    
   4.00000000       8857.71289    
   4.05000019       8829.19629    
   4.09999990       8810.50293    
   4.15000010       8829.65332    
   4.19999981       8823.97266    
   4.25000000       8818.04102    
   4.30000019       8831.55176    
   4.34999990       8836.20508    
   4.40000010       8848.57715    
   4.44999981       8836.85840    
   4.50000000       8831.35547    
   4.55000019       8822.86719    
   4.59999990       8819.38574    
   4.65000010       8826.65039    
   4.69999981       8822.57715    
   4.75000000       8808.87891    
   4.80000019       8814.87500    
   4.84999990       8806.77246    
   4.90000010       8813.98438    
   4.94999981       8830.58789    
   5.00000000       8834.66992    
   5.05000019       8812.40918    
   5.09999990       8810.59570    
   5.15000010       8825.94434    
   5.19999981       8818.65527    
   5.25000000       8817.17285    
   5.30000019       8816.11426    
   5.34999990       8819.16211    
   5.40000010       8803.01758    
   5.44999981       8797.75000    
   5.50000000       8824.08691    
   5.55000019       8835.58105    
   5.59999990       8821.24414    
   5.65000010       8821.38477    
   5.69999981       8819.24316    
   5.75000000       8815.36816    
   5.80000019       8821.41504    
   5.84999990       8836.12988    
   5.90000010       8844.48926    
   5.94999981       8831.65332    
