   0.00000000       10146.2197    
   5.00000007E-02   9512.51270    
  0.100000001       9079.66602    
  0.150000006       8728.02734    
  0.200000003       8468.72754    
  0.250000000       8300.18066    
  0.300000012       8217.13477    
  0.349999994       8148.37305    
  0.400000006       8161.19287    
  0.449999988       8166.37012    
  0.500000000       8169.89697    
  0.550000012       8132.36816    
  0.600000024       8079.31982    
  0.649999976       8055.68213    
  0.699999988       8000.98486    
  0.750000000       7981.82520    
  0.800000012       7943.92188    
  0.850000024       7897.15381    
  0.899999976       7893.83008    
  0.949999988       7873.41309    
   1.00000000       7852.03320    
   1.04999995       7861.93896    
   1.10000002       7882.01514    
   1.14999998       7879.08496    
   1.20000005       7879.06396    
   1.25000000       7865.53516    
   1.29999995       7866.83496    
   1.35000002       7866.99902    
   1.39999998       7869.77100    
   1.45000005       7845.91504    
   1.50000000       7824.61182    
   1.54999995       7783.06006    
   1.60000002       7780.93408    
   1.64999998       7754.83691    
   1.70000005       7759.21777    
   1.75000000       7791.97705    
   1.79999995       7750.72412    
   1.85000002       7703.04785    
   1.89999998       7639.51221    
   1.95000005       7617.33496    
   2.00000000       7590.04102    
   2.04999995       7571.41992    
   2.09999990       7561.20605    
   2.15000010       7534.62598    
   2.20000005       7516.46924    
   2.25000000       7494.72998    
   2.29999995       7502.20996    
   2.34999990       7496.92480    
   2.40000010       7508.29004    
   2.45000005       7537.15381    
   2.50000000       7530.57520    
   2.54999995       7517.03613    
   2.59999990       7527.69824    
   2.65000010       7533.28320    
   2.70000005       7534.50684    
   2.75000000       7530.98291    
   2.79999995       7529.78516    
   2.84999990       7520.19385    
   2.90000010       7499.60986    
   2.95000005       7493.86523    
   3.00000000       7499.96191    
   3.04999995       7505.59814    
   3.09999990       7503.32080    
   3.15000010       7476.06592    
   3.20000005       7451.09912    
   3.25000000       7473.44385    
   3.29999995       7491.24609    
   3.34999990       7494.31689    
   3.40000010       7489.25977    
   3.45000005       7480.36621    
   3.50000000       7456.40381    
   3.54999995       7429.53613    
   3.59999990       7462.39990    
   3.65000010       7454.23584    
   3.70000005       7479.19824    
   3.75000000       7485.25879    
   3.79999995       7476.66797    
   3.84999990       7476.16797    
   3.90000010       7476.85986    
   3.95000005       7464.55811    
   4.00000000       7449.93799    
   4.05000019       7454.31104    
   4.09999990       7440.18799    
   4.15000010       7470.85303    
   4.19999981       7454.95020    
   4.25000000       7451.11914    
   4.30000019       7453.88916    
   4.34999990       7471.62109    
   4.40000010       7462.49707    
   4.44999981       7454.51709    
   4.50000000       7463.33008    
   4.55000019       7460.75586    
   4.59999990       7476.71582    
   4.65000010       7468.01611    
   4.69999981       7490.69482    
   4.75000000       7485.33594    
   4.80000019       7492.27002    
   4.84999990       7465.73584    
   4.90000010       7481.25879    
   4.94999981       7496.75000    
   5.00000000       7495.68799    
   5.05000019       7475.03906    
   5.09999990       7470.01416    
   5.15000010       7457.48096    
   5.19999981       7449.46777    
   5.25000000       7436.77197    
   5.30000019       7431.56689    
   5.34999990       7447.54004    
   5.40000010       7436.62891    
   5.44999981       7435.25488    
   5.50000000       7461.28809    
   5.55000019       7465.18408    
   5.59999990       7473.51807    
   5.65000010       7471.97510    
   5.69999981       7478.22510    
   5.75000000       7457.95703    
   5.80000019       7473.84424    
   5.84999990       7472.18408    
   5.90000010       7448.76221    
   5.94999981       7463.96387    
