   0.00000000       10146.2197    
   5.00000007E-02   9140.75879    
  0.100000001       8517.41895    
  0.150000006       8070.45605    
  0.200000003       7769.94092    
  0.250000000       7605.27295    
  0.300000012       7500.95117    
  0.349999994       7420.17676    
  0.400000006       7381.31494    
  0.449999988       7345.52197    
  0.500000000       7318.64600    
  0.550000012       7271.13086    
  0.600000024       7265.77393    
  0.649999976       7213.94482    
  0.699999988       7221.10303    
  0.750000000       7195.97607    
  0.800000012       7148.00488    
  0.850000024       7105.47900    
  0.899999976       7091.37598    
  0.949999988       7060.70996    
   1.00000000       7017.35010    
   1.04999995       6998.56787    
   1.10000002       6967.98096    
   1.14999998       6935.84912    
   1.20000005       6938.22705    
   1.25000000       6914.42285    
   1.29999995       6916.47217    
   1.35000002       6905.91602    
   1.39999998       6883.56885    
   1.45000005       6858.96094    
   1.50000000       6846.39795    
   1.54999995       6855.03320    
   1.60000002       6827.45117    
   1.64999998       6837.77295    
   1.70000005       6829.73291    
   1.75000000       6798.08203    
   1.79999995       6801.52100    
   1.85000002       6813.56885    
   1.89999998       6817.54688    
   1.95000005       6815.58398    
   2.00000000       6817.85596    
   2.04999995       6783.64697    
   2.09999990       6740.61621    
   2.15000010       6710.54297    
   2.20000005       6711.41602    
   2.25000000       6690.18701    
   2.29999995       6701.02197    
   2.34999990       6683.85693    
   2.40000010       6669.30420    
   2.45000005       6693.24219    
   2.50000000       6700.84521    
   2.54999995       6708.47510    
   2.59999990       6683.46680    
   2.65000010       6680.12402    
   2.70000005       6684.58008    
   2.75000000       6660.20312    
   2.79999995       6652.62695    
   2.84999990       6663.78320    
   2.90000010       6632.27490    
   2.95000005       6626.82812    
   3.00000000       6612.22705    
   3.04999995       6597.59814    
   3.09999990       6590.35010    
   3.15000010       6590.70801    
   3.20000005       6576.92383    
   3.25000000       6598.52881    
   3.29999995       6588.39111    
   3.34999990       6590.86816    
   3.40000010       6573.18799    
   3.45000005       6555.38086    
   3.50000000       6547.78320    
   3.54999995       6551.83496    
   3.59999990       6563.49902    
   3.65000010       6551.25684    
   3.70000005       6555.08984    
   3.75000000       6557.14697    
   3.79999995       6565.67188    
   3.84999990       6572.68311    
   3.90000010       6565.42822    
   3.95000005       6579.83203    
   4.00000000       6581.91211    
   4.05000019       6572.38281    
   4.09999990       6571.82324    
   4.15000010       6561.21094    
   4.19999981       6566.19922    
   4.25000000       6580.34180    
   4.30000019       6577.34277    
   4.34999990       6595.25586    
   4.40000010       6587.77100    
   4.44999981       6597.50586    
   4.50000000       6593.07520    
   4.55000019       6583.50879    
   4.59999990       6594.14014    
   4.65000010       6595.17090    
   4.69999981       6621.28516    
   4.75000000       6615.98193    
   4.80000019       6614.27979    
   4.84999990       6604.40723    
   4.90000010       6611.72412    
   4.94999981       6605.84912    
   5.00000000       6597.63086    
   5.05000019       6591.55420    
   5.09999990       6587.28418    
   5.15000010       6593.69824    
   5.19999981       6599.63086    
   5.25000000       6612.27002    
   5.30000019       6611.47510    
   5.34999990       6618.76904    
   5.40000010       6616.19385    
   5.44999981       6601.53076    
   5.50000000       6603.44580    
   5.55000019       6598.27979    
   5.59999990       6613.73389    
   5.65000010       6611.15283    
   5.69999981       6616.13623    
   5.75000000       6598.49805    
   5.80000019       6609.69385    
   5.84999990       6607.64111    
   5.90000010       6605.76318    
   5.94999981       6590.93604    
