   0.00000000      -1.41515684    
   1.99999996E-02  -1.12365341    
   3.99999991E-02  -1.70123184    
   5.99999987E-02  -1.78129983    
   7.99999982E-02  -2.00793862    
  0.100000001      -1.91049623    
  0.119999997      -1.87195480    
  0.140000001      -1.85614133    
  0.159999996      -1.53088903    
  0.180000007      -1.27872479    
  0.200000003      -1.92814124    
  0.219999999      -2.36739779    
  0.239999995      -2.20780158    
  0.259999990      -1.76877081    
  0.280000001      -1.36886799    
  0.300000012      -1.13687122    
  0.319999993      -1.02335835    
  0.340000004      -1.21257186    
  0.360000014     -0.838408470    
  0.379999995     -0.984641016    
  0.400000006      -1.26267278    
  0.419999987      -1.29376101    
  0.439999998     -0.895923197    
  0.460000008      -1.08008981    
  0.479999989      -1.01171982    
  0.500000000      -1.26621461    
  0.519999981     -0.643620670    
  0.540000021       8.54078680E-02
  0.560000002     -0.113936774    
  0.579999983     -0.711543798    
  0.600000024     -0.656585395    
  0.620000005     -0.656142116    
  0.639999986     -0.362081736    
  0.660000026     -0.547031343    
  0.680000007     -0.968068600    
  0.699999988     -0.812121153    
  0.720000029     -0.456121951    
  0.740000010     -0.315143883    
  0.759999990       4.91583385E-02
  0.779999971      0.520272434    
  0.800000012      0.383550942    
  0.819999993      0.412176937    
  0.839999974       3.21198553E-02
  0.860000014     -0.387880147    
  0.879999995     -0.662038922    
  0.899999976     -0.356116444    
  0.920000017      0.185370520    
  0.939999998      0.428928375    
  0.959999979      0.390285194    
  0.980000019      0.689973354    
   1.00000000       1.26987469    
   1.01999998       1.68494213    
   1.03999996       1.57219791    
   1.05999994       1.63307309    
   1.08000004       1.81856179    
   1.10000002       1.60420156    
   1.12000000       1.52638352    
   1.13999999       1.36242068    
   1.15999997       1.00280511    
   1.17999995      0.919223249    
