   1.00000005E-03   1.61828732    
   5.09999990E-02   1.75451386    
  0.101000004       1.72467530    
  0.150999993       1.71527958    
  0.201000005       1.72556400    
  0.250999987       1.69714749    
  0.300999999       1.77171910    
  0.351000011       1.75164664    
  0.400999993       1.69324780    
  0.451000005       1.76598990    
  0.500999987       1.86299157    
  0.550999999       1.79827297    
  0.601000011       1.78579712    
  0.651000023       1.71368337    
  0.700999975       1.69740617    
  0.750999987       1.70955241    
  0.800999999       1.74305582    
  0.851000011       1.72627759    
  0.901000023       1.70705175    
  0.950999975       1.78823996    
   1.00100005       1.79745376    
   1.05100000       1.72624671    
   1.10099995       1.74477923    
   1.15100002       1.66867685    
   1.20099998       1.64196432    
   1.25100005       1.60656035    
   1.30100000       1.62471914    
   1.35099995       1.62017369    
   1.40100002       1.66701019    
   1.45099998       1.70558083    
   1.50100005       1.61602032    
   1.55100000       1.59130192    
   1.60099995       1.58248103    
   1.65100002       1.62880611    
   1.70099998       1.65961623    
   1.75100005       1.74563050    
   1.80100000       1.72866738    
   1.85099995       1.81708455    
   1.90100002       1.89363205    
   1.95099998       1.88149858    
   2.00099993       1.89979935    
   2.05100012       1.84556270    
   2.10100007       1.79923403    
   2.15100002       1.71564758    
   2.20099998       1.70944345    
   2.25099993       1.79262185    
   2.30100012       1.84220266    
   2.35100007       1.85704041    
   2.40100002       1.83896339    
   2.45099998       1.77271676    
   2.50099993       1.80473292    
   2.55100012       1.73763943    
   2.60100007       1.67997479    
   2.65100002       1.70371211    
   2.70099998       1.68875611    
   2.75099993       1.82968438    
   2.80100012       1.80091667    
   2.85100007       1.77209175    
   2.90100002       1.75827634    
   2.95099998       1.72399271    
