   1.00000005E-03   2.57634878    
   5.09999990E-02   2.43666911    
  0.101000004       2.50609994    
  0.150999993       2.38343859    
  0.201000005       2.41304731    
  0.250999987       2.39834309    
  0.300999999       2.66235065    
  0.351000011       2.56802964    
  0.400999993       2.47272635    
  0.451000005       2.30257964    
  0.500999987       2.22517872    
  0.550999999       2.24097848    
  0.601000011       2.12432075    
  0.651000023       2.19904208    
  0.700999975       2.06132054    
  0.750999987       2.45423508    
  0.800999999       2.47907567    
  0.851000011       2.61050224    
  0.901000023       2.36625361    
  0.950999975       2.41893864    
   1.00100005       2.36082554    
   1.05100000       2.49117494    
   1.10099995       2.36524439    
   1.15100002       2.46386385    
   1.20099998       2.15723944    
   1.25100005       2.42487931    
   1.30100000       2.19884539    
   1.35099995       2.29169202    
   1.40100002       2.38766289    
   1.45099998       2.57611918    
   1.50100005       2.57057786    
   1.55100000       2.54508471    
   1.60099995       2.65216780    
   1.65100002       2.55399156    
   1.70099998       2.41478753    
   1.75100005       2.47731066    
   1.80100000       2.58290267    
   1.85099995       2.50068641    
   1.90100002       2.61478186    
   1.95099998       2.37309480    
   2.00099993       2.23962736    
   2.05100012       2.17989469    
   2.10100007       2.27028131    
   2.15100002       2.27401161    
   2.20099998       2.44822478    
   2.25099993       2.44706106    
   2.30100012       2.56419826    
   2.35100007       2.40227985    
   2.40100002       2.56619334    
   2.45099998       2.38236046    
   2.50099993       2.48547840    
   2.55100012       2.54511428    
   2.60100007       2.48030949    
   2.65100002       2.39053607    
   2.70099998       2.43209577    
   2.75099993       2.43396926    
   2.80100012       2.56720066    
   2.85100007       2.55578613    
   2.90100002       2.61137223    
   2.95099998       2.48614931    
