   0.00000000       1200.00000    
   5.00000007E-02   1200.00000    
  0.100000001       1200.00000    
  0.150000006       1200.00000    
  0.200000003       1200.00000    
  0.250000000       1200.00000    
  0.300000012       1200.00000    
  0.349999994       1200.00000    
  0.400000006       1200.00000    
  0.449999988       1200.00000    
  0.500000000       1200.00000    
  0.550000012       1200.00000    
  0.600000024       1200.00000    
  0.649999976       1200.00000    
  0.699999988       1200.00000    
  0.750000000       1200.00000    
  0.800000012       1200.00000    
  0.850000024       1200.00000    
  0.899999976       1200.00000    
  0.949999988       1200.00000    
   1.00000000       1200.00000    
   1.04999995       1200.00000    
   1.10000002       1200.00000    
   1.14999998       1200.00000    
   1.20000005       1200.00000    
   1.25000000       1200.00000    
   1.29999995       1200.00000    
   1.35000002       1200.00000    
   1.39999998       1200.00000    
   1.45000005       1200.00000    
   1.50000000       1200.00000    
   1.54999995       1200.00000    
   1.60000002       1200.00000    
   1.64999998       1200.00000    
   1.70000005       1200.00000    
   1.75000000       1200.00000    
   1.79999995       1200.00000    
   1.85000002       1200.00000    
   1.89999998       1200.00000    
   1.95000005       1200.00000    
   2.00000000       1200.00000    
   2.04999995       1200.00000    
   2.09999990       1200.00000    
   2.15000010       1200.00000    
   2.20000005       1200.00000    
   2.25000000       1200.00000    
   2.29999995       1200.00000    
   2.34999990       1200.00000    
   2.40000010       1200.00000    
   2.45000005       1200.00000    
   2.50000000       1200.00000    
   2.54999995       1200.00000    
   2.59999990       1200.00000    
   2.65000010       1200.00000    
   2.70000005       1200.00000    
   2.75000000       1200.00000    
   2.79999995       1200.00000    
   2.84999990       1200.00000    
   2.90000010       1200.00000    
   2.95000005       1200.00000    
   3.00000000       1200.00000    
   3.04999995       1200.00000    
   3.09999990       1200.00000    
   3.15000010       1200.00000    
   3.20000005       1200.00000    
   3.25000000       1200.00000    
   3.29999995       1200.00000    
   3.34999990       1200.00000    
   3.40000010       1200.00000    
   3.45000005       1200.00000    
   3.50000000       1200.00000    
   3.54999995       1200.00000    
   3.59999990       1200.00000    
   3.65000010       1200.00000    
   3.70000005       1200.00000    
   3.75000000       1200.00000    
   3.79999995       1200.00000    
   3.84999990       1200.00000    
   3.90000010       1200.00000    
   3.95000005       1200.00000    
   4.00000000       1200.00000    
   4.05000019       1234.30396    
   4.09999990       1167.12195    
   4.15000010       1201.24500    
   4.19999981       1211.11304    
   4.25000000       1173.67505    
   4.30000019       1191.20105    
   4.34999990       1247.24097    
   4.40000010       1213.31494    
   4.44999981       1248.35095    
   4.50000000       1187.85999    
   4.55000019       1217.68298    
   4.59999990       1142.97803    
   4.65000010       1243.66296    
   4.69999981       1218.58606    
   4.75000000       1230.49500    
   4.80000019       1189.42700    
   4.84999990       1200.01599    
   4.90000010       1194.69604    
   4.94999981       1174.10400    
   5.00000000       1186.87097    
   5.05000019       1127.93994    
   5.09999990       1208.83301    
   5.15000010       1149.32202    
   5.19999981       1195.07898    
   5.25000000       1230.58203    
   5.30000019       1141.09204    
   5.34999990       1183.02002    
   5.40000010       1204.48096    
   5.44999981       1180.45605    
   5.50000000       1180.19202    
   5.55000019       1187.32996    
   5.59999990       1159.66296    
   5.65000010       1197.90698    
   5.69999981       1160.49402    
   5.75000000       1188.18604    
   5.80000019       1239.80505    
   5.84999990       1141.64600    
   5.90000010       1207.93604    
   5.94999981       1171.35596    
   6.00000000       1134.13599    
   6.05000019       1224.33801    
   6.09999990       1189.88501    
   6.15000010       1230.89600    
   6.19999981       1216.99500    
   6.25000000       1192.32495    
   6.30000019       1222.12305    
   6.34999990       1193.76599    
   6.40000010       1141.53699    
   6.44999981       1124.91699    
   6.50000000       1260.57202    
   6.55000019       1248.12695    
   6.59999990       1213.00403    
   6.65000010       1251.74097    
   6.69999981       1218.86096    
   6.75000000       1191.09094    
   6.80000019       1150.48499    
   6.84999990       1182.47803    
   6.90000010       1187.08301    
   6.94999981       1204.87903    
   7.00000000       1129.06201    
   7.05000019       1249.14697    
   7.09999990       1260.28003    
   7.15000010       1233.31799    
   7.19999981       1190.81995    
   7.25000000       1206.25500    
   7.30000019       1210.75806    
   7.34999990       1226.25696    
   7.40000010       1186.84399    
   7.44999981       1207.35205    
   7.50000000       1213.59302    
   7.55000019       1167.60999    
   7.59999990       1202.25403    
   7.65000010       1210.79504    
   7.69999981       1201.45398    
   7.75000000       1243.85596    
   7.80000019       1180.68799    
   7.84999990       1202.42700    
   7.90000010       1217.12402    
   7.94999981       1151.24902    
   8.00000000       1234.19800    
   8.05000019       1244.52002    
   8.10000038       1175.37305    
   8.14999962       1121.85706    
   8.19999981       1151.14697    
   8.25000000       1149.05298    
   8.30000019       1188.72595    
   8.35000038       1197.59705    
   8.39999962       1189.64697    
   8.44999981       1160.97705    
   8.50000000       1129.11597    
   8.55000019       1208.15698    
   8.60000038       1182.58899    
   8.64999962       1224.41101    
   8.69999981       1218.81494    
   8.75000000       1200.00000    
   8.80000019       1158.00903    
   8.85000038       1165.97400    
   8.89999962       1177.70496    
   8.94999981       1196.69299    
   9.00000000       1213.98206    
   9.05000019       1189.52295    
   9.10000038       1171.46106    
   9.14999962       1212.80396    
   9.19999981       1177.52795    
   9.25000000       1175.23999    
   9.30000019       1202.26001    
   9.35000038       1225.93103    
   9.39999962       1185.00403    
   9.44999981       1165.12195    
   9.50000000       1174.35095    
   9.55000019       1177.12500    
   9.60000038       1227.88794    
   9.64999962       1241.61902    
   9.69999981       1232.09094    
   9.75000000       1198.99805    
   9.80000019       1150.46704    
   9.85000038       1184.24402    
   9.89999962       1210.52197    
   9.94999981       1238.97095    
