   0.00000000       11239.4199    
   5.00000007E-02   11565.6602    
  0.100000001       12266.1201    
  0.150000006       12778.0801    
  0.200000003       13123.4004    
  0.250000000       13331.7500    
  0.300000012       13461.5596    
  0.349999994       13595.6699    
  0.400000006       13698.2500    
  0.449999988       13742.2402    
  0.500000000       13738.8799    
  0.550000012       13773.0000    
  0.600000024       13859.4805    
  0.649999976       13936.5195    
  0.699999988       14018.2100    
  0.750000000       14120.0400    
  0.800000012       14189.5596    
  0.850000024       14214.6299    
  0.899999976       14220.0801    
  0.949999988       14251.2598    
   1.00000000       14206.1396    
   1.04999995       14179.8398    
   1.10000002       14204.1104    
   1.14999998       14275.8896    
   1.20000005       14316.3398    
   1.25000000       14387.6504    
   1.29999995       14415.7305    
   1.35000002       14435.6504    
   1.39999998       14453.5898    
   1.45000005       14518.4199    
   1.50000000       14562.3203    
   1.54999995       14597.2695    
   1.60000002       14655.2402    
   1.64999998       14707.4297    
   1.70000005       14770.9805    
   1.75000000       14813.7900    
   1.79999995       14819.4805    
   1.85000002       14843.6299    
   1.89999998       14914.4102    
   1.95000005       15033.8896    
   2.00000000       15082.2500    
   2.04999995       15123.8896    
   2.09999990       15148.7402    
   2.15000010       15204.0703    
   2.20000005       15208.2500    
   2.25000000       15248.7500    
   2.29999995       15264.4697    
   2.34999990       15337.6104    
   2.40000010       15406.0498    
   2.45000005       15486.6299    
   2.50000000       15561.9502    
   2.54999995       15642.4297    
   2.59999990       15744.1904    
   2.65000010       15829.2197    
   2.70000005       15968.8604    
   2.75000000       16092.9502    
   2.79999995       16196.4404    
   2.84999990       16312.5596    
   2.90000010       16433.6406    
   2.95000005       16501.5703    
   3.00000000       16563.0996    
   3.04999995       16628.1191    
   3.09999990       16697.8008    
   3.15000010       16816.0195    
   3.20000005       16933.0801    
   3.25000000       17004.3398    
   3.29999995       17034.5195    
   3.34999990       17080.7695    
   3.40000010       17177.7500    
   3.45000005       17257.6406    
   3.50000000       17316.2402    
   3.54999995       17415.0801    
   3.59999990       17536.4395    
   3.65000010       17615.4004    
   3.70000005       17677.9609    
   3.75000000       17734.0898    
   3.79999995       17818.2793    
   3.84999990       17932.2695    
   3.90000010       17997.2695    
   3.95000005       18034.2695    
   4.00000000       18065.2305    
   4.05000019       18094.9805    
   4.09999990       18123.3203    
   4.15000010       18171.7402    
   4.19999981       18250.2500    
   4.25000000       18303.4102    
   4.30000019       18344.7695    
   4.34999990       18399.4395    
   4.40000010       18468.9102    
   4.44999981       18551.2695    
   4.50000000       18628.8691    
   4.55000019       18662.0996    
   4.59999990       18658.6895    
   4.65000010       18662.6504    
   4.69999981       18659.4395    
   4.75000000       18639.4707    
   4.80000019       18637.1992    
   4.84999990       18631.6602    
   4.90000010       18691.3301    
   4.94999981       18773.6504    
   5.00000000       18766.8301    
   5.05000019       18782.1797    
   5.09999990       18860.2891    
   5.15000010       18909.8691    
   5.19999981       18961.5703    
   5.25000000       19001.9004    
   5.30000019       19038.5801    
   5.34999990       19056.8105    
   5.40000010       19087.6406    
   5.44999981       19104.1602    
   5.50000000       19127.3594    
   5.55000019       19172.3105    
   5.59999990       19257.1699    
   5.65000010       19292.0508    
   5.69999981       19315.8691    
   5.75000000       19334.4004    
   5.80000019       19371.7109    
   5.84999990       19471.0605    
   5.90000010       19530.3008    
   5.94999981       19568.7402    
   6.00000000       19605.6992    
   6.05000019       19632.0605    
   6.09999990       19611.4395    
   6.15000010       19616.5195    
   6.19999981       19644.5391    
   6.25000000       19720.8105    
   6.30000019       19777.0605    
   6.34999990       19773.0898    
   6.40000010       19760.1699    
   6.44999981       19746.6797    
   6.50000000       19777.1504    
   6.55000019       19806.1191    
   6.59999990       19905.2598    
   6.65000010       19988.2207    
   6.69999981       20053.9004    
   6.75000000       20066.3301    
   6.80000019       20034.2891    
   6.84999990       20004.0605    
   6.90000010       20038.8496    
   6.94999981       20081.7598    
   7.00000000       20090.2500    
   7.05000019       20121.6797    
   7.09999990       20122.5801    
   7.15000010       20163.0293    
   7.19999981       20182.2500    
   7.25000000       20209.0391    
   7.30000019       20218.7793    
   7.34999990       20211.7500    
   7.40000010       20193.8496    
   7.44999981       20203.5703    
   7.50000000       20214.2500    
   7.55000019       20249.3398    
   7.59999990       20294.0703    
   7.65000010       20328.8496    
   7.69999981       20305.5293    
   7.75000000       20263.4004    
   7.80000019       20252.0996    
   7.84999990       20250.8105    
   7.90000010       20258.5000    
   7.94999981       20334.9199    
   8.00000000       20410.8496    
   8.05000019       20460.1699    
   8.10000038       20482.7402    
   8.14999962       20505.6602    
   8.19999981       20528.5898    
   8.25000000       20538.4902    
   8.30000019       20514.9492    
   8.35000038       20535.2793    
   8.39999962       20600.3301    
   8.44999981       20638.4492    
   8.50000000       20676.2891    
   8.55000019       20744.3008    
   8.60000038       20796.8809    
   8.64999962       20858.3496    
   8.69999981       20853.5195    
   8.75000000       20840.7598    
   8.80000019       20858.1797    
   8.85000038       20875.6309    
   8.89999962       20912.8906    
   8.94999981       20893.4805    
   9.00000000       20905.7695    
   9.05000019       20996.2695    
   9.10000038       21060.1309    
   9.14999962       21097.8594    
   9.19999981       21111.5098    
   9.25000000       21105.5508    
   9.30000019       21099.8301    
   9.35000038       21113.9199    
   9.39999962       21140.7402    
   9.44999981       21175.4395    
   9.50000000       21202.0801    
   9.55000019       21241.7109    
   9.60000038       21320.5898    
   9.64999962       21356.4004    
   9.69999981       21347.7793    
   9.75000000       21344.9004    
   9.80000019       21316.1797    
   9.85000038       21280.5195    
   9.89999962       21282.8594    
   9.94999981       21298.4902    
