   0.00000000      -34688.1992    
   1.18749999E-02  -29711.7695    
   1.86250005E-02  -29684.8203    
   3.11249997E-02  -30772.1406    
   4.36250009E-02  -30818.1895    
   5.61250001E-02  -31033.2500    
   8.66250023E-02  -33395.6602    
  0.136625007      -33660.4492    
  0.194625005      -33835.3516    
  0.260125011      -33898.9297    
  0.350125015      -34056.5781    
  0.390625000      -34110.7695    
  0.485125005      -34260.2383    
  0.572624981      -34358.1406    
  0.629124999      -34323.9414    
  0.709124982      -34392.8203    
  0.778124988      -34448.3711    
  0.845125020      -34471.6289    
  0.925125003      -34531.7305    
  0.986124992      -34492.8203    
   1.05812502      -34500.5703    
   1.13212502      -34548.1797    
   1.22462499      -34580.9883    
   1.28962505      -34563.4688    
   1.39062500      -34597.5898    
   1.46124995      -34632.5195    
   1.55799997      -34662.6914    
   1.65437496      -34680.1289    
   1.74737501      -34683.9102    
   1.84412503      -34679.1797    
   1.93337500      -34678.3281    
   2.01381207      -34624.4805    
   2.06556201      -34605.3398    
   2.17918706      -34696.6602    
   2.28634405      -34657.1016    
   2.39350009      -34669.3516    
   2.48912501      -34705.9883    
   2.59178090      -34646.2383    
   2.70428109      -34704.3398    
   2.80626988      -34707.5898    
   2.92207408      -34697.5195    
   3.03408194      -34701.6094    
   3.09926200      -34698.7305    
   3.21000409      -34624.7383    
   3.32770705      -34687.2891    
   3.47325397      -34710.7695    
   3.57766795      -34660.9297    
   3.68334794      -34710.8594    
   3.79820299      -34712.4492    
   3.90641403      -34706.8398    
   4.02728081      -34701.7109    
   4.12505102      -34661.6602    
   4.23421097      -34699.5117    
   4.28641796      -34650.7617    
   4.40554523      -34673.3906    
   4.45870113      -34661.8281    
   4.50964308      -34606.3203    
   4.59570503      -34635.6914    
   4.68429899      -34650.9609    
   4.78808022      -34677.6211    
   4.87224388      -34647.6289    
   4.93441820      -34629.3398    
   5.00608397      -34627.5703    
   5.08486891      -34660.7891    
   5.15938282      -34627.4414    
   5.23674393      -34674.4609    
   5.31552887      -34683.5586    
   5.37722921      -34594.6992    
   5.47143793      -34517.5586    
   5.56636000      -34688.6719    
   5.65938377      -34585.7617    
   5.73105001      -34625.8281    
   5.81742907      -34680.1094    
   5.88719606      -34592.1914    
   5.96977806      -34664.6797    
   6.08564186      -34682.0195    
   6.21823597      -34653.2383    
   6.28764820      -34553.2695    
   6.34602499      -34536.9492    
   6.43003082      -34614.6016    
   6.47096586      -34555.5586    
   6.59092283      -34620.6797    
   6.70892286      -34625.4219    
   6.77699995      -34615.9492    
   6.83666706      -34589.1484    
   6.90394306      -34619.6719    
   6.99284315      -34644.3789    
   7.06232214      -34544.5312    
   7.08935213      -34563.2891    
   7.16163397      -34590.8789    
   7.23852015      -34592.5195    
   7.31140280      -34570.1016    
   7.37146997      -34593.6016    
   7.46757889      -34609.1211    
   7.53525496      -34637.7891    
   7.58911610      -34559.3516    
   7.69163084      -34621.4609    
   7.78413582      -34645.9219    
   7.85741806      -34608.5195    
   7.94071198      -34624.6992    
   8.00598621      -34608.8008    
   8.07326221      -34599.7500    
   8.14854717      -34572.3984    
   8.20460987      -34600.9297    
   8.30031776      -34628.4492    
   8.41044235      -34637.1797    
   8.45889664      -34608.3594    
   8.53458214      -34590.1289    
   8.61547279      -34621.5703    
   8.68435097      -34624.9102    
   8.74321842      -34615.0508    
   8.83231831      -34636.4805    
   8.90279770      -34601.3398    
   8.95325375      -34596.8398    
   9.01892757      -34579.6406    
   9.11423588      -34612.3203    
   9.18351364      -34614.8281    
   9.26680756      -34457.0586    
   9.28923321      -34471.3398    
   9.34689808      -34494.8516    
