   0.00000000       1200.00000    
   5.00000007E-02   1200.00000    
  0.100000001       1200.00000    
  0.150000006       1200.00000    
  0.200000003       1200.00000    
  0.250000000       1200.00000    
  0.300000012       1200.00000    
  0.349999994       1200.00000    
  0.400000006       1200.00000    
  0.449999988       1200.00000    
  0.500000000       1200.00000    
  0.550000012       1200.00000    
  0.600000024       1200.00000    
  0.649999976       1200.00000    
  0.699999988       1200.00000    
  0.750000000       1200.00000    
  0.800000012       1200.00000    
  0.850000024       1200.00000    
  0.899999976       1200.00000    
  0.949999988       1200.00000    
   1.00000000       1200.00000    
   1.04999995       1200.00000    
   1.10000002       1200.00000    
   1.14999998       1200.00000    
   1.20000005       1200.00000    
   1.25000000       1200.00000    
   1.29999995       1200.00000    
   1.35000002       1200.00000    
   1.39999998       1200.00000    
   1.45000005       1200.00000    
   1.50000000       1200.00000    
   1.54999995       1200.00000    
   1.60000002       1200.00000    
   1.64999998       1200.00000    
   1.70000005       1200.00000    
   1.75000000       1200.00000    
   1.79999995       1200.00000    
   1.85000002       1200.00000    
   1.89999998       1200.00000    
   1.95000005       1200.00000    
   2.00000000       1200.00000    
   2.04999995       1200.00000    
   2.09999990       1200.00000    
   2.15000010       1200.00000    
   2.20000005       1200.00000    
   2.25000000       1200.00000    
   2.29999995       1200.00000    
   2.34999990       1200.00000    
   2.40000010       1200.00000    
   2.45000005       1200.00000    
   2.50000000       1200.00000    
   2.54999995       1200.00000    
   2.59999990       1200.00000    
   2.65000010       1200.00000    
   2.70000005       1200.00000    
   2.75000000       1200.00000    
   2.79999995       1200.00000    
   2.84999990       1200.00000    
   2.90000010       1200.00000    
   2.95000005       1200.00000    
   3.00000000       1200.00000    
   3.04999995       1200.00000    
   3.09999990       1200.00000    
   3.15000010       1200.00000    
   3.20000005       1200.00000    
   3.25000000       1200.00000    
   3.29999995       1200.00000    
   3.34999990       1200.00000    
   3.40000010       1200.00000    
   3.45000005       1200.00000    
   3.50000000       1200.00000    
   3.54999995       1200.00000    
   3.59999990       1200.00000    
   3.65000010       1200.00000    
   3.70000005       1200.00000    
   3.75000000       1200.00000    
   3.79999995       1200.00000    
   3.84999990       1200.00000    
   3.90000010       1200.00000    
   3.95000005       1200.00000    
   4.00000000       1200.00000    
   4.05000019       1184.26794    
   4.09999990       1151.88000    
   4.15000010       1179.56006    
   4.19999981       1211.26599    
   4.25000000       1161.17700    
   4.30000019       1188.36304    
   4.34999990       1230.84705    
   4.40000010       1194.63306    
   4.44999981       1158.94397    
   4.50000000       1173.76196    
   4.55000019       1178.56299    
   4.59999990       1187.10901    
   4.65000010       1212.94800    
   4.69999981       1177.06299    
   4.75000000       1130.38196    
   4.80000019       1207.13196    
   4.84999990       1161.30005    
   4.90000010       1173.97803    
   4.94999981       1179.53101    
   5.00000000       1198.37903    
   5.05000019       1217.04602    
   5.09999990       1213.30103    
   5.15000010       1198.05603    
   5.19999981       1161.80396    
   5.25000000       1148.30798    
   5.30000019       1175.17395    
   5.34999990       1161.58203    
   5.40000010       1138.78699    
   5.44999981       1179.15405    
   5.50000000       1200.27002    
   5.55000019       1197.79199    
   5.59999990       1219.60803    
   5.65000010       1172.67798    
   5.69999981       1183.64294    
   5.75000000       1163.83997    
   5.80000019       1210.24402    
   5.84999990       1188.97803    
   5.90000010       1176.24500    
   5.94999981       1207.55103    
   6.00000000       1203.08899    
   6.05000019       1133.45398    
   6.09999990       1217.97498    
   6.15000010       1159.16199    
   6.19999981       1203.29199    
   6.25000000       1176.10901    
   6.30000019       1154.45996    
   6.34999990       1185.33899    
   6.40000010       1120.60901    
   6.44999981       1201.05896    
   6.50000000       1177.67297    
   6.55000019       1156.65601    
   6.59999990       1222.24097    
   6.65000010       1206.60095    
   6.69999981       1208.60095    
   6.75000000       1176.46204    
   6.80000019       1205.76001    
   6.84999990       1174.01294    
   6.90000010       1147.02197    
   6.94999981       1213.09399    
   7.00000000       1150.03796    
   7.05000019       1172.33801    
   7.09999990       1178.15295    
   7.15000010       1219.41003    
   7.19999981       1182.55896    
   7.25000000       1155.95898    
   7.30000019       1213.78003    
   7.34999990       1178.80505    
   7.40000010       1122.83606    
   7.44999981       1119.48096    
   7.50000000       1145.11401    
   7.55000019       1168.64795    
   7.59999990       1185.16602    
   7.65000010       1202.36499    
   7.69999981       1203.89905    
   7.75000000       1175.96106    
   7.80000019       1167.01599    
   7.84999990       1187.43005    
   7.90000010       1206.45801    
   7.94999981       1161.08203    
   8.00000000       1177.31897    
   8.05000019       1159.53503    
   8.10000038       1224.94995    
   8.14999962       1150.67004    
   8.19999981       1179.14099    
   8.25000000       1173.76904    
   8.30000019       1180.66504    
   8.35000038       1161.75598    
   8.39999962       1136.70203    
   8.44999981       1157.18298    
   8.50000000       1188.69299    
   8.55000019       1197.53796    
   8.60000038       1186.91199    
   8.64999962       1191.21301    
   8.69999981       1175.85803    
   8.75000000       1183.22302    
   8.80000019       1182.47498    
   8.85000038       1182.36499    
   8.89999962       1168.50305    
   8.94999981       1207.22400    
   9.00000000       1188.68604    
   9.05000019       1188.74805    
   9.10000038       1200.03296    
   9.14999962       1180.55103    
   9.19999981       1134.78198    
   9.25000000       1181.92102    
   9.30000019       1183.83997    
   9.35000038       1216.42004    
   9.39999962       1181.35205    
   9.44999981       1172.47400    
   9.50000000       1183.50305    
   9.55000019       1170.26196    
   9.60000038       1200.55505    
   9.64999962       1193.03699    
   9.69999981       1136.18701    
   9.75000000       1148.66797    
   9.80000019       1200.27002    
   9.85000038       1185.57202    
   9.89999962       1192.47400    
   9.94999981       1202.44604    
