   0.00000000      -11421.8701    
   5.00000007E-02  -11342.6602    
  0.100000001      -11335.4697    
  0.150000006      -11340.0400    
  0.200000003      -11343.1904    
  0.250000000      -11346.3799    
  0.300000012      -11348.8096    
  0.349999994      -11342.7197    
  0.400000006      -11345.6396    
  0.449999988      -11341.1504    
  0.500000000      -11338.4502    
  0.550000012      -11342.7002    
  0.600000024      -11344.2197    
  0.649999976      -11343.9697    
  0.699999988      -11340.7998    
  0.750000000      -11342.8096    
  0.800000012      -11347.5703    
  0.850000024      -11345.8896    
  0.899999976      -11341.0596    
  0.949999988      -11352.9902    
   1.00000000      -11341.4502    
   1.04999995      -11339.4697    
   1.10000002      -11345.2402    
   1.14999998      -11343.2002    
   1.20000005      -11347.1797    
   1.25000000      -11346.1699    
   1.29999995      -11344.6104    
   1.35000002      -11346.0400    
   1.39999998      -11344.4600    
   1.45000005      -11338.6201    
   1.50000000      -11347.9404    
   1.54999995      -11342.7197    
   1.60000002      -11350.4600    
   1.64999998      -11341.2002    
   1.70000005      -11345.6904    
   1.75000000      -11345.6396    
   1.79999995      -11342.2803    
   1.85000002      -11342.8701    
   1.89999998      -11344.2197    
   1.95000005      -11345.0195    
   2.00000000      -11340.9697    
   2.04999995      -11340.7197    
   2.09999990      -11345.9297    
   2.15000010      -11344.6104    
   2.20000005      -11345.8301    
   2.25000000      -11341.3398    
   2.29999995      -11342.2100    
   2.34999990      -11347.3096    
   2.40000010      -11337.5195    
   2.45000005      -11346.7305    
   2.50000000      -11341.4004    
   2.54999995      -11348.8496    
   2.59999990      -11341.5000    
   2.65000010      -11339.7900    
   2.70000005      -11347.5703    
   2.75000000      -11346.3701    
   2.79999995      -11348.5400    
   2.84999990      -11342.1602    
   2.90000010      -11342.4502    
   2.95000005      -11344.9199    
   3.00000000      -11346.0303    
   3.04999995      -11340.8096    
   3.09999990      -11339.3203    
   3.15000010      -11345.3799    
   3.20000005      -11346.1299    
   3.25000000      -11340.4902    
   3.29999995      -11346.9004    
   3.34999990      -11342.5703    
   3.40000010      -11344.2598    
   3.45000005      -11341.6104    
   3.50000000      -11347.1602    
   3.54999995      -11348.7695    
   3.59999990      -11346.2500    
   3.65000010      -11344.5098    
   3.70000005      -11346.5400    
   3.75000000      -11344.0303    
   3.79999995      -11339.2598    
   3.84999990      -11339.7002    
   3.90000010      -11344.6104    
   3.95000005      -11343.5498    
   4.00000000      -11345.7402    
   4.05000019      -11345.5898    
   4.09999990      -11345.6396    
   4.15000010      -11345.6504    
   4.19999981      -11346.2803    
   4.25000000      -11346.3398    
   4.30000019      -11346.1699    
   4.34999990      -11346.1504    
   4.40000010      -11346.0303    
   4.44999981      -11345.9297    
   4.50000000      -11346.0498    
   4.55000019      -11346.5596    
   4.59999990      -11346.3496    
   4.65000010      -11346.0996    
   4.69999981      -11346.1904    
   4.75000000      -11346.6602    
   4.80000019      -11346.6602    
   4.84999990      -11346.3398    
   4.90000010      -11346.3701    
   4.94999981      -11346.1699    
   5.00000000      -11346.2900    
   5.05000019      -11346.1504    
   5.09999990      -11345.9297    
   5.15000010      -11345.8701    
   5.19999981      -11345.7500    
   5.25000000      -11345.7002    
   5.30000019      -11345.7598    
   5.34999990      -11345.9297    
   5.40000010      -11345.8896    
   5.44999981      -11345.5596    
   5.50000000      -11345.5195    
   5.55000019      -11345.8398    
   5.59999990      -11345.8496    
   5.65000010      -11346.1602    
   5.69999981      -11346.0303    
   5.75000000      -11346.2305    
   5.80000019      -11346.3799    
   5.84999990      -11346.6699    
   5.90000010      -11346.9297    
   5.94999981      -11346.7100    
   6.00000000      -11346.8799    
   6.05000019      -11346.9199    
   6.09999990      -11347.3203    
   6.15000010      -11347.0000    
   6.19999981      -11346.9805    
   6.25000000      -11346.9697    
   6.30000019      -11346.9697    
   6.34999990      -11346.7197    
   6.40000010      -11346.4102    
   6.44999981      -11346.2900    
   6.50000000      -11346.4502    
   6.55000019      -11346.5303    
   6.59999990      -11346.4805    
   6.65000010      -11346.6104    
   6.69999981      -11346.2598    
   6.75000000      -11346.3203    
   6.80000019      -11346.7197    
   6.84999990      -11346.4199    
   6.90000010      -11346.5098    
   6.94999981      -11346.4902    
   7.00000000      -11346.7695    
   7.05000019      -11347.0400    
   7.09999990      -11346.7197    
   7.15000010      -11347.0801    
   7.19999981      -11347.3799    
   7.25000000      -11347.0996    
   7.30000019      -11346.8701    
   7.34999990      -11346.7803    
   7.40000010      -11346.9600    
   7.44999981      -11346.8496    
   7.50000000      -11346.9805    
   7.55000019      -11346.8096    
   7.59999990      -11346.7803    
   7.65000010      -11346.7100    
   7.69999981      -11346.9404    
   7.75000000      -11347.1602    
   7.80000019      -11346.7695    
   7.84999990      -11347.1504    
   7.90000010      -11347.0000    
   7.94999981      -11347.2900    
   8.00000000      -11347.3604    
   8.05000019      -11347.0400    
   8.10000038      -11346.9004    
   8.14999962      -11346.8896    
   8.19999981      -11347.5000    
   8.25000000      -11347.2402    
   8.30000019      -11347.1797    
   8.35000038      -11347.0898    
   8.39999962      -11346.8398    
   8.44999981      -11346.7197    
   8.50000000      -11346.7197    
   8.55000019      -11346.5596    
   8.60000038      -11346.9199    
   8.64999962      -11346.8096    
   8.69999981      -11346.5996    
   8.75000000      -11346.5195    
   8.80000019      -11346.5498    
   8.85000038      -11346.3701    
   8.89999962      -11346.4004    
   8.94999981      -11346.1797    
   9.00000000      -11346.0000    
   9.05000019      -11346.0000    
   9.10000038      -11346.4805    
   9.14999962      -11346.7900    
   9.19999981      -11346.8496    
   9.25000000      -11346.7197    
   9.30000019      -11346.8604    
   9.35000038      -11347.2500    
   9.39999962      -11347.4199    
   9.44999981      -11347.0195    
   9.50000000      -11347.1699    
   9.55000019      -11347.4697    
   9.60000038      -11347.2402    
   9.64999962      -11346.9004    
   9.69999981      -11346.5303    
   9.75000000      -11347.0400    
   9.80000019      -11347.3799    
   9.85000038      -11347.2598    
   9.89999962      -11347.5098    
   9.94999981      -11347.3398    
