   0.00000000       10146.2197    
   5.00000007E-02   10108.1699    
  0.100000001       10141.5498    
  0.150000006       10205.9697    
  0.200000003       10275.6201    
  0.250000000       10296.5303    
  0.300000012       10292.2695    
  0.349999994       10261.5303    
  0.400000006       10263.7002    
  0.449999988       10296.6904    
  0.500000000       10275.5703    
  0.550000012       10263.0498    
  0.600000024       10349.7500    
  0.649999976       10365.9502    
  0.699999988       10332.5703    
  0.750000000       10336.7900    
  0.800000012       10412.1797    
  0.850000024       10363.4600    
  0.899999976       10372.3203    
  0.949999988       10345.5996    
   1.00000000       10326.5303    
   1.04999995       10327.7998    
   1.10000002       10331.1602    
   1.14999998       10327.5303    
   1.20000005       10331.8203    
   1.25000000       10292.9600    
   1.29999995       10286.3203    
   1.35000002       10324.2500    
   1.39999998       10360.5400    
   1.45000005       10383.1201    
   1.50000000       10377.0996    
   1.54999995       10359.1904    
   1.60000002       10401.0898    
   1.64999998       10394.3203    
   1.70000005       10406.5596    
   1.75000000       10430.8604    
   1.79999995       10454.4805    
   1.85000002       10418.4199    
   1.89999998       10401.1201    
   1.95000005       10419.5195    
   2.00000000       10363.0098    
   2.04999995       10315.7598    
   2.09999990       10330.7695    
   2.15000010       10318.9404    
   2.20000005       10377.7598    
   2.25000000       10365.1904    
   2.29999995       10399.5801    
   2.34999990       10465.0303    
   2.40000010       10346.4102    
   2.45000005       10366.6602    
   2.50000000       10325.8398    
   2.54999995       10291.2002    
   2.59999990       10225.3398    
   2.65000010       10274.0596    
   2.70000005       10316.5098    
   2.75000000       10291.9697    
   2.79999995       10254.0000    
   2.84999990       10332.4697    
   2.90000010       10397.0996    
   2.95000005       10387.4404    
   3.00000000       10341.4502    
   3.04999995       10292.9404    
   3.09999990       10302.5098    
   3.15000010       10337.4102    
   3.20000005       10393.9199    
   3.25000000       10347.6299    
   3.29999995       10316.2803    
   3.34999990       10367.9697    
   3.40000010       10302.9902    
   3.45000005       10335.4805    
   3.50000000       10248.8496    
   3.54999995       10351.0098    
   3.59999990       10365.9805    
   3.65000010       10353.6504    
   3.70000005       10294.7402    
   3.75000000       10370.7500    
   3.79999995       10424.9102    
   3.84999990       10402.5000    
   3.90000010       10376.9805    
   3.95000005       10349.6602    
   4.00000000       10378.8096    
   4.05000019       10412.4902    
   4.09999990       10413.8799    
   4.15000010       10391.7100    
   4.19999981       10317.9297    
   4.25000000       10302.2002    
   4.30000019       10325.4902    
   4.34999990       10332.7305    
   4.40000010       10336.6396    
   4.44999981       10372.2695    
   4.50000000       10344.8896    
   4.55000019       10276.6504    
   4.59999990       10299.5996    
   4.65000010       10332.0400    
   4.69999981       10317.2402    
   4.75000000       10251.8301    
   4.80000019       10257.2500    
   4.84999990       10287.8701    
   4.90000010       10287.6299    
   4.94999981       10309.8496    
   5.00000000       10300.2197    
   5.05000019       10331.2402    
   5.09999990       10349.1104    
   5.15000010       10377.8301    
   5.19999981       10393.1201    
   5.25000000       10397.0400    
   5.30000019       10392.5098    
   5.34999990       10357.5596    
   5.40000010       10339.0400    
   5.44999981       10403.9805    
   5.50000000       10442.1602    
   5.55000019       10389.7695    
   5.59999990       10384.4404    
   5.65000010       10341.1201    
   5.69999981       10418.5303    
   5.75000000       10397.4199    
   5.80000019       10375.6299    
   5.84999990       10343.0195    
   5.90000010       10313.9600    
   5.94999981       10345.5596    
   6.00000000       10312.3496    
   6.05000019       10284.1299    
   6.09999990       10228.6201    
   6.15000010       10270.7598    
   6.19999981       10278.6201    
   6.25000000       10281.3398    
   6.30000019       10301.6904    
   6.34999990       10348.5098    
   6.40000010       10377.6904    
   6.44999981       10392.7900    
   6.50000000       10361.0000    
   6.55000019       10343.2100    
   6.59999990       10370.3203    
   6.65000010       10378.2900    
   6.69999981       10427.8701    
   6.75000000       10412.4902    
   6.80000019       10352.3301    
   6.84999990       10404.0498    
   6.90000010       10375.4102    
   6.94999981       10392.2002    
   7.00000000       10355.0996    
   7.05000019       10306.8096    
   7.09999990       10367.1104    
   7.15000010       10327.3301    
   7.19999981       10270.5303    
   7.25000000       10306.9805    
   7.30000019       10340.9502    
   7.34999990       10378.0098    
   7.40000010       10342.5996    
   7.44999981       10339.4102    
   7.50000000       10334.3896    
   7.55000019       10338.2002    
   7.59999990       10334.4004    
   7.65000010       10336.9600    
   7.69999981       10293.6396    
   7.75000000       10280.3398    
   7.80000019       10353.4404    
   7.84999990       10295.6104    
   7.90000010       10307.7100    
   7.94999981       10264.5596    
   8.00000000       10267.0703    
   8.05000019       10316.7402    
   8.10000038       10329.4404    
   8.14999962       10326.6904    
   8.19999981       10253.7998    
   8.25000000       10279.9600    
   8.30000019       10296.5498    
   8.35000038       10326.0703    
   8.39999962       10373.6797    
   8.44999981       10372.6797    
   8.50000000       10357.3604    
   8.55000019       10361.5195    
   8.60000038       10301.7305    
   8.64999962       10335.4004    
   8.69999981       10362.8604    
   8.75000000       10367.5000    
   8.80000019       10364.8096    
   8.85000038       10410.6504    
   8.89999962       10395.4404    
   8.94999981       10436.4004    
   9.00000000       10458.0996    
   9.05000019       10475.5098    
   9.10000038       10400.9805    
   9.14999962       10360.3398    
   9.19999981       10337.5801    
   9.25000000       10356.7900    
   9.30000019       10330.8398    
   9.35000038       10291.9404    
   9.39999962       10285.1602    
   9.44999981       10327.8896    
   9.50000000       10325.0996    
   9.55000019       10289.3203    
   9.60000038       10314.6104    
   9.64999962       10383.7900    
   9.69999981       10443.9102    
   9.75000000       10381.3896    
   9.80000019       10329.7197    
   9.85000038       10335.8896    
   9.89999962       10304.3203    
   9.94999981       10327.7197    
