 1.00000005E-03   27.4117699       45.9642906
   5.09999990E-02   27.7906361       44.8785210
  0.101000004       26.3690147       46.0135918
  0.150999993       24.9904327       48.2271996
  0.201000005       29.1943493       47.6970139
  0.250999987       25.4049301       46.1009369
  0.300999999       26.9233570       47.5465813
  0.351000011       27.4847546       48.7711258
  0.400999993       27.4158726       43.0881081
  0.451000005       27.2929153       45.8183670
  0.500999987       23.8601284       51.0363045
  0.550999999       27.2800751       45.9426041
  0.601000011       26.2584839       48.5819168
  0.651000023       26.1228504       47.8260155
  0.700999975       28.5066509       46.1562958
  0.750999987       27.2516022       45.9447746
  0.800999999       25.9724636       47.8140411
  0.851000011       27.9943275       46.3317528
  0.901000023       28.0424671       45.9215431
  0.950999975       26.4586220       46.6816750
   1.00100005       26.2830544       45.4499054
   1.05100000       25.7363529       46.8302727
   1.10099995       26.9985256       47.0950241
   1.15100002       23.3985004       47.0394096
   1.20099998       24.6165066       46.6370621
   1.25100005       25.1177330       45.5551949
   1.30100000       23.9874630       42.7700691
   1.35099995       29.7872219       47.3277168
   1.40100002       24.6524734       46.5979271
   1.45099998       27.6314087       46.0266762
   1.50100005       26.1533432       43.8154068
   1.55100000       28.6550407       47.3283882
   1.60099995       25.9999390       49.4849625
   1.65100002       28.0868530       45.2109795
   1.70099998       24.2030602       46.6436806
   1.75100005       24.6229343       45.3482590
   1.80100000       23.6470413       47.4532013
   1.85099995       27.6686573       46.4516182
   1.90100002       26.6887913       44.5439224
   1.95099998       26.8698959       45.6464577
   2.00099993       27.5222282       45.1336250
   2.05100012       26.9691620       45.2581825
   2.10100007       25.8124790       45.1109047
   2.15100002       26.4441891       44.3525848
   2.20099998       26.0259418       44.8989449
   2.25099993       27.3761749       45.5806618
   2.30100012       26.4528675       45.6184769
   2.35100007       27.0871124       45.7612038
   2.40100002       27.9664879       46.3356705
   2.45099998       26.0671883       44.8146400
   2.50099993       28.9849510       45.3453293
   2.55100012       25.0252800       44.7210770
   2.60100007       25.5293713       46.4219437
   2.65100002       25.8069916       43.6329803
   2.70099998       26.1593647       46.5004883
   2.75099993       26.6321907       47.2171288
   2.80100012       25.5584373       45.8092728
   2.85100007       25.4279404       47.0508690
