   0.00000000      -1840.18799    
   5.00000007E-02  -1788.03796    
  0.100000001      -1767.64600    
  0.150000006      -1767.14001    
  0.200000003      -1775.74597    
  0.250000000      -1783.21497    
  0.300000012      -1786.82104    
  0.349999994      -1781.99097    
  0.400000006      -1786.14404    
  0.449999988      -1785.99695    
  0.500000000      -1789.27600    
  0.550000012      -1788.34802    
  0.600000024      -1785.99500    
  0.649999976      -1778.53406    
  0.699999988      -1775.09998    
  0.750000000      -1775.81995    
  0.800000012      -1778.52698    
  0.850000024      -1778.48706    
  0.899999976      -1776.38403    
  0.949999988      -1776.84399    
   1.00000000      -1777.15796    
   1.04999995      -1776.34802    
   1.10000002      -1780.59399    
   1.14999998      -1774.95996    
   1.20000005      -1776.66296    
   1.25000000      -1775.78003    
   1.29999995      -1778.39697    
   1.35000002      -1775.69397    
   1.39999998      -1768.60803    
   1.45000005      -1772.64404    
   1.50000000      -1772.02197    
   1.54999995      -1771.36902    
   1.60000002      -1767.40405    
   1.64999998      -1768.84094    
   1.70000005      -1772.69397    
   1.75000000      -1770.78894    
   1.79999995      -1770.79797    
   1.85000002      -1768.33398    
   1.89999998      -1764.70703    
   1.95000005      -1765.81995    
   2.00000000      -1767.16504    
   2.04999995      -1765.08203    
   2.09999990      -1760.25305    
   2.15000010      -1760.74805    
   2.20000005      -1762.68396    
   2.25000000      -1764.41699    
   2.29999995      -1762.62000    
   2.34999990      -1764.30298    
   2.40000010      -1767.54004    
   2.45000005      -1760.73901    
   2.50000000      -1758.93396    
   2.54999995      -1757.54297    
   2.59999990      -1753.05005    
   2.65000010      -1758.15503    
   2.70000005      -1756.27600    
   2.75000000      -1756.88794    
   2.79999995      -1755.61206    
   2.84999990      -1754.66394    
   2.90000010      -1750.77600    
   2.95000005      -1751.50195    
   3.00000000      -1758.45398    
   3.04999995      -1757.42004    
   3.09999990      -1755.93701    
   3.15000010      -1750.22302    
   3.20000005      -1755.10999    
   3.25000000      -1755.68896    
   3.29999995      -1753.17395    
   3.34999990      -1759.79895    
   3.40000010      -1753.16199    
   3.45000005      -1753.24902    
   3.50000000      -1750.11206    
   3.54999995      -1753.35901    
   3.59999990      -1756.74402    
   3.65000010      -1755.96997    
   3.70000005      -1754.95300    
   3.75000000      -1756.10400    
   3.79999995      -1753.25806    
   3.84999990      -1752.00000    
   3.90000010      -1750.70801    
   3.95000005      -1754.12903    
   4.00000000      -1748.64600    
   4.05000019      -1749.12305    
   4.09999990      -1748.04797    
   4.15000010      -1748.24805    
   4.19999981      -1748.91101    
   4.25000000      -1748.63904    
   4.30000019      -1747.25000    
   4.34999990      -1748.16699    
   4.40000010      -1747.37598    
   4.44999981      -1747.36804    
   4.50000000      -1748.57703    
   4.55000019      -1747.29004    
   4.59999990      -1748.09497    
   4.65000010      -1747.44897    
   4.69999981      -1748.13599    
   4.75000000      -1748.10205    
   4.80000019      -1748.39905    
   4.84999990      -1748.37695    
   4.90000010      -1747.82800    
   4.94999981      -1748.07996    
   5.00000000      -1747.72095    
   5.05000019      -1747.27600    
   5.09999990      -1746.75195    
   5.15000010      -1746.97803    
   5.19999981      -1747.30505    
   5.25000000      -1747.68506    
   5.30000019      -1747.10205    
   5.34999990      -1746.81897    
   5.40000010      -1746.39001    
   5.44999981      -1745.54004    
   5.50000000      -1746.55505    
   5.55000019      -1746.33496    
   5.59999990      -1746.44702    
   5.65000010      -1747.65100    
   5.69999981      -1746.62097    
   5.75000000      -1747.13098    
   5.80000019      -1746.08899    
   5.84999990      -1746.03406    
   5.90000010      -1747.27502    
   5.94999981      -1746.90906    
   6.00000000      -1745.63098    
   6.05000019      -1745.64099    
   6.09999990      -1745.96997    
   6.15000010      -1746.46704    
   6.19999981      -1745.76697    
   6.25000000      -1745.87500    
   6.30000019      -1746.15002    
   6.34999990      -1746.92505    
   6.40000010      -1746.46301    
   6.44999981      -1746.08496    
   6.50000000      -1745.75098    
   6.55000019      -1745.90906    
   6.59999990      -1746.32703    
   6.65000010      -1746.31604    
   6.69999981      -1746.38306    
   6.75000000      -1746.62195    
   6.80000019      -1746.16699    
   6.84999990      -1746.23499    
   6.90000010      -1745.49695    
   6.94999981      -1745.04895    
   7.00000000      -1745.27698    
   7.05000019      -1745.43604    
   7.09999990      -1746.91797    
   7.15000010      -1746.07898    
   7.19999981      -1746.01794    
   7.25000000      -1746.90295    
   7.30000019      -1745.91199    
   7.34999990      -1746.56702    
   7.40000010      -1746.53894    
   7.44999981      -1746.13904    
   7.50000000      -1745.91797    
   7.55000019      -1745.19202    
   7.59999990      -1746.41394    
   7.65000010      -1746.37903    
   7.69999981      -1746.52905    
   7.75000000      -1747.33606    
   7.80000019      -1745.72998    
   7.84999990      -1745.89795    
   7.90000010      -1746.52100    
   7.94999981      -1745.53296    
   8.00000000      -1745.94702    
   8.05000019      -1745.93005    
   8.10000038      -1746.37402    
   8.14999962      -1745.37195    
   8.19999981      -1745.15601    
   8.25000000      -1745.93604    
   8.30000019      -1745.27100    
   8.35000038      -1744.18103    
   8.39999962      -1743.94702    
   8.44999981      -1743.47998    
   8.50000000      -1744.65405    
   8.55000019      -1744.52600    
   8.60000038      -1743.79395    
   8.64999962      -1744.16797    
   8.69999981      -1745.44202    
   8.75000000      -1745.03406    
   8.80000019      -1744.23303    
   8.85000038      -1743.56799    
   8.89999962      -1744.17798    
   8.94999981      -1743.57898    
   9.00000000      -1743.03406    
   9.05000019      -1742.40503    
   9.10000038      -1743.50598    
   9.14999962      -1743.98804    
   9.19999981      -1745.08704    
   9.25000000      -1744.91394    
   9.30000019      -1744.10999    
   9.35000038      -1743.39099    
   9.39999962      -1743.50500    
   9.44999981      -1744.15405    
   9.50000000      -1742.67505    
   9.55000019      -1742.21106    
   9.60000038      -1745.03796    
   9.64999962      -1744.72302    
   9.69999981      -1744.73401    
   9.75000000      -1743.45898    
   9.80000019      -1744.32996    
   9.85000038      -1743.94604    
   9.89999962      -1744.24097    
   9.94999981      -1743.68201    
