6.502510000000000012e+00 6.459575800000000312e-01
6.508270000000000444e+00 6.398529699999999654e-01
6.514050000000000118e+00 6.254576800000000159e-01
6.519829999999999792e+00 6.158655800000000236e-01
6.525610000000000355e+00 6.229620799999999736e-01
6.531399999999999650e+00 6.402104299999999970e-01
6.537189999999999834e+00 6.663412399999999458e-01
6.542989999999999640e+00 6.557334099999999610e-01
6.548799999999999955e+00 6.343328200000000194e-01
6.554610000000000269e+00 6.541302199999999845e-01
6.560419999999999696e+00 6.792909599999999992e-01
6.566239999999999633e+00 6.764234199999999975e-01
6.572070000000000078e+00 6.699700200000000549e-01
6.577899999999999636e+00 6.540329499999999463e-01
6.583730000000000082e+00 6.338599099999999709e-01
6.589570000000000149e+00 6.625810500000000047e-01
6.595419999999999838e+00 6.675253799999999460e-01
6.601270000000000415e+00 6.384414200000000372e-01
6.607129999999999725e+00 6.570659699999999992e-01
6.612989999999999924e+00 6.256220599999999799e-01
6.618850000000000122e+00 6.348995499999999792e-01
6.624729999999999563e+00 6.621203599999999634e-01
6.630600000000000271e+00 6.895398900000000442e-01
6.636490000000000222e+00 6.775964899999999957e-01
6.642369999999999663e+00 6.651419200000000531e-01
6.648270000000000124e+00 6.661139999999999839e-01
6.654160000000000075e+00 6.887307599999999974e-01
6.660070000000000157e+00 6.653206200000000292e-01
6.665969999999999729e+00 6.929741999999999846e-01
6.671890000000000320e+00 6.589514100000000152e-01
6.677810000000000024e+00 6.729652000000000411e-01
6.683729999999999727e+00 7.112675099999999917e-01
6.689659999999999940e+00 6.465593200000000484e-01
6.695590000000000153e+00 6.943179000000000434e-01
6.701529999999999987e+00 7.024781399999999731e-01
6.707480000000000331e+00 6.990325200000000461e-01
6.713429999999999787e+00 7.197823700000000047e-01
6.719389999999999752e+00 6.943491600000000208e-01
6.725349999999999717e+00 7.310162199999999944e-01
6.731309999999999683e+00 6.901044400000000412e-01
6.737280000000000157e+00 6.919409399999999488e-01
6.743260000000000254e+00 7.222565100000000182e-01
6.749240000000000350e+00 7.241908999999999708e-01
6.755230000000000068e+00 7.070105100000000364e-01
6.761219999999999786e+00 7.418100699999999881e-01
6.767220000000000013e+00 6.982671799999999873e-01
6.773229999999999862e+00 7.037474900000000311e-01
6.779230000000000089e+00 6.867890899999999910e-01
6.785249999999999559e+00 7.144536000000000220e-01
6.791269999999999918e+00 6.588382600000000089e-01
6.797290000000000276e+00 6.827291100000000279e-01
6.803320000000000256e+00 7.035730000000000040e-01
6.809359999999999857e+00 7.108109599999999917e-01
6.815400000000000347e+00 6.792587599999999615e-01
6.821439999999999948e+00 6.766608400000000412e-01
6.827499999999999680e+00 6.599421300000000157e-01
6.833549999999999791e+00 6.957432700000000247e-01
6.839610000000000412e+00 6.944490199999999724e-01
6.845679999999999765e+00 6.747996699999999626e-01
6.851759999999999629e+00 6.753342300000000353e-01
6.857829999999999870e+00 6.840776100000000026e-01
6.863920000000000243e+00 6.877150600000000447e-01
6.870009999999999728e+00 6.793712100000000031e-01
6.876100000000000101e+00 6.564080199999999810e-01
6.882200000000000095e+00 6.773424500000000403e-01
6.888309999999999711e+00 6.632683700000000515e-01
6.894420000000000215e+00 6.466843500000000189e-01
6.900529999999999831e+00 6.699393000000000153e-01
6.906659999999999577e+00 6.831141400000000363e-01
6.912779999999999703e+00 6.530351399999999584e-01
6.918919999999999959e+00 6.413855699999999604e-01
6.925049999999999706e+00 6.414539799999999792e-01
6.931199999999999584e+00 6.373069700000000282e-01
6.937350000000000350e+00 6.801189600000000501e-01
6.943500000000000227e+00 6.425077700000000336e-01
6.949659999999999727e+00 6.435364099999999477e-01
6.955820000000000114e+00 6.368684300000000409e-01
6.961999999999999744e+00 6.191734599999999533e-01
6.968169999999999753e+00 6.493165699999999818e-01
6.974350000000000271e+00 6.590009399999999795e-01
6.980540000000000411e+00 6.450946400000000525e-01
6.986729999999999663e+00 6.655972100000000502e-01
6.992930000000000312e+00 6.450576199999999982e-01
6.999130000000000074e+00 6.407895399999999908e-01
