6.502510000000000012e+00 6.548207799999999912e-01
6.508270000000000444e+00 6.241172699999999463e-01
6.514050000000000118e+00 6.754194900000000112e-01
6.519829999999999792e+00 6.626591800000000143e-01
6.525610000000000355e+00 6.170086299999999468e-01
6.531399999999999650e+00 6.769416400000000111e-01
6.537189999999999834e+00 6.552718299999999996e-01
6.542989999999999640e+00 6.630516899999999714e-01
6.548799999999999955e+00 6.379147499999999749e-01
6.554610000000000269e+00 5.994280499999999900e-01
6.560419999999999696e+00 6.553955099999999589e-01
6.566239999999999633e+00 6.938700199999999763e-01
6.572070000000000078e+00 6.600722100000000481e-01
6.577899999999999636e+00 6.606926199999999527e-01
6.583730000000000082e+00 6.583187999999999818e-01
6.589570000000000149e+00 6.516891900000000293e-01
6.595419999999999838e+00 6.535167100000000007e-01
6.601270000000000415e+00 6.363556599999999897e-01
6.607129999999999725e+00 6.512960899999999942e-01
6.612989999999999924e+00 6.292527199999999876e-01
6.618850000000000122e+00 6.637171099999999990e-01
6.624729999999999563e+00 6.972721299999999900e-01
6.630600000000000271e+00 6.756029500000000354e-01
6.636490000000000222e+00 6.669710599999999490e-01
6.642369999999999663e+00 6.395138400000000001e-01
6.648270000000000124e+00 6.672933500000000073e-01
6.654160000000000075e+00 6.744806700000000044e-01
6.660070000000000157e+00 6.483027599999999779e-01
6.665969999999999729e+00 6.278652099999999514e-01
6.671890000000000320e+00 6.435171400000000430e-01
6.677810000000000024e+00 6.396535899999999941e-01
6.683729999999999727e+00 6.537570900000000407e-01
6.689659999999999940e+00 6.642190900000000120e-01
6.695590000000000153e+00 6.839541799999999672e-01
6.701529999999999987e+00 6.570996199999999954e-01
6.707480000000000331e+00 6.000425299999999629e-01
6.713429999999999787e+00 6.218793799999999816e-01
6.719389999999999752e+00 6.593646399999999463e-01
6.725349999999999717e+00 6.424973099999999882e-01
6.731309999999999683e+00 6.153450599999999993e-01
6.737280000000000157e+00 6.510790199999999528e-01
6.743260000000000254e+00 6.885793500000000344e-01
6.749240000000000350e+00 6.328152200000000116e-01
6.755230000000000068e+00 6.272527100000000466e-01
6.761219999999999786e+00 6.039185099999999640e-01
6.767220000000000013e+00 6.552989000000000175e-01
6.773229999999999862e+00 6.500627700000000120e-01
6.779230000000000089e+00 6.312638699999999492e-01
6.785249999999999559e+00 6.672176300000000060e-01
6.791269999999999918e+00 6.498680599999999696e-01
6.797290000000000276e+00 6.656131499999999868e-01
6.803320000000000256e+00 6.294451199999999691e-01
6.809359999999999857e+00 6.490310299999999533e-01
6.815400000000000347e+00 6.854625300000000143e-01
6.821439999999999948e+00 6.627363099999999951e-01
6.827499999999999680e+00 6.366258299999999481e-01
6.833549999999999791e+00 6.025999100000000164e-01
6.839610000000000412e+00 6.846633199999999642e-01
6.845679999999999765e+00 6.599417899999999726e-01
6.851759999999999629e+00 6.298184999999999478e-01
6.857829999999999870e+00 6.017331200000000102e-01
6.863920000000000243e+00 6.492996100000000270e-01
6.870009999999999728e+00 5.966355500000000145e-01
6.876100000000000101e+00 6.360182699999999967e-01
6.882200000000000095e+00 6.615619099999999753e-01
6.888309999999999711e+00 6.840797299999999970e-01
6.894420000000000215e+00 6.627939000000000469e-01
6.900529999999999831e+00 6.466735300000000519e-01
6.906659999999999577e+00 6.947001299999999713e-01
6.912779999999999703e+00 6.738004399999999450e-01
6.918919999999999959e+00 6.631738400000000144e-01
6.925049999999999706e+00 6.658813900000000174e-01
6.931199999999999584e+00 6.405148699999999584e-01
6.937350000000000350e+00 6.599970200000000453e-01
6.943500000000000227e+00 6.465741499999999586e-01
6.949659999999999727e+00 6.408562500000000162e-01
6.955820000000000114e+00 6.605311699999999453e-01
6.961999999999999744e+00 6.229867500000000335e-01
6.968169999999999753e+00 6.201071400000000011e-01
6.974350000000000271e+00 6.720137999999999945e-01
6.980540000000000411e+00 6.610055400000000025e-01
6.986729999999999663e+00 6.561292300000000077e-01
6.992930000000000312e+00 6.456175499999999845e-01
6.999130000000000074e+00 6.686852100000000299e-01
