6.502510000000000012e+00 6.253309000000000228e-01
6.508270000000000444e+00 6.557880699999999452e-01
6.514050000000000118e+00 6.224749699999999608e-01
6.519829999999999792e+00 6.288253799999999893e-01
6.525610000000000355e+00 6.276462699999999506e-01
6.531399999999999650e+00 5.960326999999999709e-01
6.537189999999999834e+00 6.561717099999999636e-01
6.542989999999999640e+00 6.049731600000000098e-01
6.548799999999999955e+00 6.740009900000000220e-01
6.554610000000000269e+00 6.385234800000000321e-01
6.560419999999999696e+00 6.439270599999999956e-01
6.566239999999999633e+00 6.303611900000000157e-01
6.572070000000000078e+00 6.594950699999999610e-01
6.577899999999999636e+00 6.540669500000000358e-01
6.583730000000000082e+00 6.670458400000000010e-01
6.589570000000000149e+00 6.642401900000000081e-01
6.595419999999999838e+00 6.475078199999999562e-01
6.601270000000000415e+00 6.333815000000000417e-01
6.607129999999999725e+00 6.625142699999999607e-01
6.612989999999999924e+00 6.361239400000000543e-01
6.618850000000000122e+00 6.500213599999999925e-01
6.624729999999999563e+00 6.380150900000000069e-01
6.630600000000000271e+00 6.360829599999999751e-01
6.636490000000000222e+00 6.793547699999999967e-01
6.642369999999999663e+00 6.487957199999999647e-01
6.648270000000000124e+00 6.543035600000000063e-01
6.654160000000000075e+00 6.838606200000000301e-01
6.660070000000000157e+00 6.336829299999999776e-01
6.665969999999999729e+00 6.469634499999999955e-01
6.671890000000000320e+00 6.518276899999999596e-01
6.677810000000000024e+00 6.753191899999999581e-01
6.683729999999999727e+00 6.563503299999999818e-01
6.689659999999999940e+00 6.664005899999999594e-01
6.695590000000000153e+00 6.307651100000000177e-01
6.701529999999999987e+00 6.599838099999999486e-01
6.707480000000000331e+00 6.301819899999999697e-01
6.713429999999999787e+00 6.486247499999999722e-01
6.719389999999999752e+00 6.624973299999999954e-01
6.725349999999999717e+00 6.401776599999999817e-01
6.731309999999999683e+00 6.780294199999999938e-01
6.737280000000000157e+00 6.519568000000000030e-01
6.743260000000000254e+00 6.652266100000000515e-01
6.749240000000000350e+00 6.235357299999999547e-01
6.755230000000000068e+00 6.091496499999999870e-01
6.761219999999999786e+00 6.636851799999999857e-01
6.767220000000000013e+00 6.532581499999999819e-01
6.773229999999999862e+00 6.744570699999999919e-01
6.779230000000000089e+00 6.805134000000000460e-01
6.785249999999999559e+00 6.530060199999999648e-01
6.791269999999999918e+00 6.419626000000000499e-01
6.797290000000000276e+00 6.562226300000000290e-01
6.803320000000000256e+00 6.559978699999999829e-01
6.809359999999999857e+00 6.384868799999999789e-01
6.815400000000000347e+00 6.376646400000000048e-01
6.821439999999999948e+00 6.485165400000000302e-01
6.827499999999999680e+00 6.540011000000000019e-01
6.833549999999999791e+00 6.553476099999999693e-01
6.839610000000000412e+00 6.591981599999999775e-01
6.845679999999999765e+00 6.260940099999999786e-01
6.851759999999999629e+00 6.303900500000000351e-01
6.857829999999999870e+00 6.545532800000000151e-01
6.863920000000000243e+00 6.780724500000000488e-01
6.870009999999999728e+00 6.430776400000000059e-01
6.876100000000000101e+00 6.485242500000000243e-01
6.882200000000000095e+00 6.556190400000000418e-01
6.888309999999999711e+00 6.425477299999999836e-01
6.894420000000000215e+00 6.299258500000000094e-01
6.900529999999999831e+00 6.029892700000000216e-01
6.906659999999999577e+00 6.197740400000000260e-01
6.912779999999999703e+00 6.441752499999999770e-01
6.918919999999999959e+00 6.451346100000000527e-01
6.925049999999999706e+00 6.779127600000000031e-01
6.931199999999999584e+00 6.442412800000000273e-01
6.937350000000000350e+00 6.380888700000000302e-01
6.943500000000000227e+00 6.221604600000000262e-01
6.949659999999999727e+00 6.622998100000000443e-01
6.955820000000000114e+00 6.773528699999999958e-01
6.961999999999999744e+00 6.473966100000000390e-01
6.968169999999999753e+00 6.787108099999999977e-01
6.974350000000000271e+00 6.577342400000000255e-01
6.980540000000000411e+00 6.457554800000000483e-01
6.986729999999999663e+00 6.379781700000000111e-01
6.992930000000000312e+00 6.731022700000000025e-01
6.999130000000000074e+00 6.611764999999999448e-01
