6.502510000000000012e+00 6.454440799999999756e-01
6.508270000000000444e+00 6.458351700000000140e-01
6.514050000000000118e+00 6.814911000000000163e-01
6.519829999999999792e+00 6.475177600000000533e-01
6.525610000000000355e+00 6.353569799999999601e-01
6.531399999999999650e+00 6.891825599999999996e-01
6.537189999999999834e+00 6.519365200000000193e-01
6.542989999999999640e+00 6.679368799999999551e-01
6.548799999999999955e+00 6.641327500000000494e-01
6.554610000000000269e+00 6.793705399999999672e-01
6.560419999999999696e+00 6.569795099999999888e-01
6.566239999999999633e+00 6.566124899999999931e-01
6.572070000000000078e+00 6.837820599999999693e-01
6.577899999999999636e+00 6.631155699999999875e-01
6.583730000000000082e+00 7.135682899999999940e-01
6.589570000000000149e+00 6.598551200000000172e-01
6.595419999999999838e+00 7.078820700000000299e-01
6.601270000000000415e+00 7.449460700000000157e-01
6.607129999999999725e+00 7.204635000000000344e-01
6.612989999999999924e+00 6.871166100000000165e-01
6.618850000000000122e+00 6.886496199999999623e-01
6.624729999999999563e+00 7.284534299999999574e-01
6.630600000000000271e+00 7.097266199999999747e-01
6.636490000000000222e+00 7.044183400000000317e-01
6.642369999999999663e+00 7.047531400000000001e-01
6.648270000000000124e+00 7.458375099999999813e-01
6.654160000000000075e+00 7.467890900000000443e-01
6.660070000000000157e+00 7.015433199999999703e-01
6.665969999999999729e+00 7.478955699999999540e-01
6.671890000000000320e+00 7.412856700000000076e-01
6.677810000000000024e+00 7.521615000000000384e-01
6.683729999999999727e+00 7.899725399999999453e-01
6.689659999999999940e+00 7.848279700000000414e-01
6.695590000000000153e+00 7.846441800000000244e-01
6.701529999999999987e+00 7.742092400000000207e-01
6.707480000000000331e+00 8.140939799999999948e-01
6.713429999999999787e+00 8.205402899999999500e-01
6.719389999999999752e+00 8.497683499999999501e-01
6.725349999999999717e+00 8.345574199999999943e-01
6.731309999999999683e+00 8.759046900000000413e-01
6.737280000000000157e+00 8.736054100000000266e-01
6.743260000000000254e+00 8.607823799999999581e-01
6.749240000000000350e+00 9.068688599999999989e-01
6.755230000000000068e+00 9.021955000000000391e-01
6.761219999999999786e+00 8.665081700000000220e-01
6.767220000000000013e+00 8.744121099999999647e-01
6.773229999999999862e+00 8.633473200000000292e-01
6.779230000000000089e+00 8.560956800000000255e-01
6.785249999999999559e+00 8.424566700000000186e-01
6.791269999999999918e+00 8.524917899999999715e-01
6.797290000000000276e+00 8.310482700000000333e-01
6.803320000000000256e+00 7.935354700000000205e-01
6.809359999999999857e+00 8.344087000000000032e-01
6.815400000000000347e+00 7.732882800000000501e-01
6.821439999999999948e+00 7.691344700000000145e-01
6.827499999999999680e+00 7.350288000000000377e-01
6.833549999999999791e+00 7.652911199999999914e-01
6.839610000000000412e+00 7.604262000000000521e-01
6.845679999999999765e+00 7.605177600000000426e-01
6.851759999999999629e+00 7.401952800000000110e-01
6.857829999999999870e+00 7.130385099999999587e-01
6.863920000000000243e+00 7.265260999999999525e-01
6.870009999999999728e+00 7.373933200000000188e-01
6.876100000000000101e+00 6.797628500000000296e-01
6.882200000000000095e+00 7.122826899999999961e-01
6.888309999999999711e+00 6.464308899999999802e-01
6.894420000000000215e+00 6.538475400000000048e-01
6.900529999999999831e+00 6.652241100000000351e-01
6.906659999999999577e+00 6.768382200000000459e-01
6.912779999999999703e+00 6.398547500000000277e-01
6.918919999999999959e+00 6.080393299999999890e-01
6.925049999999999706e+00 6.479588200000000464e-01
6.931199999999999584e+00 6.376749600000000129e-01
6.937350000000000350e+00 6.979953100000000354e-01
6.943500000000000227e+00 6.776343599999999912e-01
6.949659999999999727e+00 6.873770700000000344e-01
6.955820000000000114e+00 6.590645899999999502e-01
6.961999999999999744e+00 6.559080699999999542e-01
6.968169999999999753e+00 6.453373999999999500e-01
6.974350000000000271e+00 6.635211199999999643e-01
6.980540000000000411e+00 6.588475499999999485e-01
6.986729999999999663e+00 6.024767500000000053e-01
6.992930000000000312e+00 6.322253399999999690e-01
6.999130000000000074e+00 6.505911500000000069e-01
