6.502510000000000012e+00 6.473479100000000264e-01
6.508270000000000444e+00 6.591021500000000533e-01
6.514050000000000118e+00 6.451110199999999795e-01
6.519829999999999792e+00 6.429434400000000327e-01
6.525610000000000355e+00 6.492009300000000094e-01
6.531399999999999650e+00 6.910786100000000376e-01
6.537189999999999834e+00 6.757789199999999497e-01
6.542989999999999640e+00 6.617283400000000260e-01
6.548799999999999955e+00 6.699861000000000288e-01
6.554610000000000269e+00 6.611531400000000280e-01
6.560419999999999696e+00 6.748219899999999827e-01
6.566239999999999633e+00 6.609631000000000256e-01
6.572070000000000078e+00 6.605455099999999469e-01
6.577899999999999636e+00 6.591123599999999527e-01
6.583730000000000082e+00 6.690242699999999765e-01
6.589570000000000149e+00 6.685795500000000224e-01
6.595419999999999838e+00 6.790458799999999906e-01
6.601270000000000415e+00 6.883937799999999552e-01
6.607129999999999725e+00 7.043153800000000464e-01
6.612989999999999924e+00 7.103909400000000263e-01
6.618850000000000122e+00 6.543892900000000123e-01
6.624729999999999563e+00 7.001797800000000294e-01
6.630600000000000271e+00 7.047849699999999551e-01
6.636490000000000222e+00 7.172088100000000299e-01
6.642369999999999663e+00 7.002095200000000297e-01
6.648270000000000124e+00 7.231367300000000053e-01
6.654160000000000075e+00 7.280944200000000199e-01
6.660070000000000157e+00 7.480270700000000161e-01
6.665969999999999729e+00 7.420716899999999505e-01
6.671890000000000320e+00 7.483228600000000341e-01
6.677810000000000024e+00 7.681264100000000372e-01
6.683729999999999727e+00 7.643804899999999680e-01
6.689659999999999940e+00 7.581227699999999459e-01
6.695590000000000153e+00 7.777893200000000062e-01
6.701529999999999987e+00 8.027978399999999848e-01
6.707480000000000331e+00 8.164606399999999597e-01
6.713429999999999787e+00 8.032191300000000034e-01
6.719389999999999752e+00 8.250122699999999920e-01
6.725349999999999717e+00 8.073183900000000524e-01
6.731309999999999683e+00 8.373496700000000459e-01
6.737280000000000157e+00 8.514268699999999468e-01
6.743260000000000254e+00 8.618715500000000418e-01
6.749240000000000350e+00 8.329991799999999502e-01
6.755230000000000068e+00 8.459073700000000473e-01
6.761219999999999786e+00 8.727572300000000505e-01
6.767220000000000013e+00 8.441745299999999785e-01
6.773229999999999862e+00 8.379881399999999925e-01
6.779230000000000089e+00 8.647444899999999768e-01
6.785249999999999559e+00 8.339223199999999947e-01
6.791269999999999918e+00 8.584656899999999480e-01
6.797290000000000276e+00 8.129807799999999585e-01
6.803320000000000256e+00 8.430500800000000350e-01
6.809359999999999857e+00 8.176972300000000526e-01
6.815400000000000347e+00 7.905932700000000146e-01
6.821439999999999948e+00 7.691200700000000445e-01
6.827499999999999680e+00 7.517024700000000115e-01
6.833549999999999791e+00 7.631959799999999960e-01
6.839610000000000412e+00 7.346860200000000507e-01
6.845679999999999765e+00 7.206710699999999692e-01
6.851759999999999629e+00 7.280801300000000476e-01
6.857829999999999870e+00 7.307304000000000022e-01
6.863920000000000243e+00 7.034683800000000042e-01
6.870009999999999728e+00 7.112761300000000064e-01
6.876100000000000101e+00 6.881453400000000498e-01
6.882200000000000095e+00 6.747344299999999961e-01
6.888309999999999711e+00 6.772421499999999872e-01
6.894420000000000215e+00 6.642631799999999531e-01
6.900529999999999831e+00 6.650031499999999873e-01
6.906659999999999577e+00 6.938190300000000033e-01
6.912779999999999703e+00 6.708126899999999893e-01
6.918919999999999959e+00 6.605539900000000353e-01
6.925049999999999706e+00 6.154864399999999680e-01
6.931199999999999584e+00 6.608654499999999654e-01
6.937350000000000350e+00 6.337862899999999744e-01
6.943500000000000227e+00 6.494217799999999485e-01
6.949659999999999727e+00 6.737913500000000111e-01
6.955820000000000114e+00 6.694632299999999647e-01
6.961999999999999744e+00 6.369795499999999500e-01
6.968169999999999753e+00 6.466702100000000231e-01
6.974350000000000271e+00 6.396136000000000044e-01
6.980540000000000411e+00 6.470892400000000100e-01
6.986729999999999663e+00 6.425508500000000067e-01
6.992930000000000312e+00 6.423712599999999995e-01
6.999130000000000074e+00 6.604981699999999956e-01
