6.502510000000000012e+00 6.753017799999999626e-01
6.508270000000000444e+00 6.057301699999999567e-01
6.514050000000000118e+00 6.158357300000000256e-01
6.519829999999999792e+00 6.680812900000000498e-01
6.525610000000000355e+00 6.773266900000000090e-01
6.531399999999999650e+00 6.462961999999999874e-01
6.537189999999999834e+00 6.554668900000000242e-01
6.542989999999999640e+00 6.374622500000000080e-01
6.548799999999999955e+00 6.305857499999999449e-01
6.554610000000000269e+00 6.291442200000000318e-01
6.560419999999999696e+00 6.310659100000000077e-01
6.566239999999999633e+00 6.364912700000000534e-01
6.572070000000000078e+00 6.527062900000000223e-01
6.577899999999999636e+00 6.553094900000000500e-01
6.583730000000000082e+00 6.395738800000000390e-01
6.589570000000000149e+00 6.513169100000000267e-01
6.595419999999999838e+00 6.486409400000000547e-01
6.601270000000000415e+00 6.371090900000000445e-01
6.607129999999999725e+00 6.358956700000000239e-01
6.612989999999999924e+00 7.034182300000000332e-01
6.618850000000000122e+00 6.803152799999999667e-01
6.624729999999999563e+00 6.437799400000000505e-01
6.630600000000000271e+00 6.425713100000000066e-01
6.636490000000000222e+00 6.556043000000000287e-01
6.642369999999999663e+00 6.363130299999999462e-01
6.648270000000000124e+00 6.549108300000000549e-01
6.654160000000000075e+00 6.658167799999999970e-01
6.660070000000000157e+00 6.925279600000000535e-01
6.665969999999999729e+00 6.738296900000000367e-01
6.671890000000000320e+00 6.639419300000000135e-01
6.677810000000000024e+00 6.808158300000000107e-01
6.683729999999999727e+00 6.516795800000000360e-01
6.689659999999999940e+00 6.451969499999999913e-01
6.695590000000000153e+00 6.580163599999999668e-01
6.701529999999999987e+00 6.296370900000000104e-01
6.707480000000000331e+00 6.350815100000000157e-01
6.713429999999999787e+00 6.615060799999999963e-01
6.719389999999999752e+00 6.631332800000000471e-01
6.725349999999999717e+00 6.790085500000000440e-01
6.731309999999999683e+00 6.477018199999999837e-01
6.737280000000000157e+00 6.404997000000000051e-01
6.743260000000000254e+00 6.358217200000000346e-01
6.749240000000000350e+00 6.463267400000000107e-01
6.755230000000000068e+00 6.436304099999999861e-01
6.761219999999999786e+00 6.431966399999999862e-01
6.767220000000000013e+00 6.860745299999999602e-01
6.773229999999999862e+00 6.367021699999999562e-01
6.779230000000000089e+00 6.787479299999999993e-01
6.785249999999999559e+00 6.729382799999999998e-01
6.791269999999999918e+00 6.329809199999999469e-01
6.797290000000000276e+00 6.495615599999999823e-01
6.803320000000000256e+00 6.296025299999999936e-01
6.809359999999999857e+00 6.598718599999999768e-01
6.815400000000000347e+00 6.679244300000000134e-01
6.821439999999999948e+00 6.589778800000000158e-01
6.827499999999999680e+00 6.923234900000000414e-01
6.833549999999999791e+00 6.827219799999999506e-01
6.839610000000000412e+00 6.301695999999999964e-01
6.845679999999999765e+00 6.564586999999999506e-01
6.851759999999999629e+00 6.898917900000000047e-01
6.857829999999999870e+00 6.418169599999999919e-01
6.863920000000000243e+00 6.639131799999999917e-01
6.870009999999999728e+00 6.657655300000000498e-01
6.876100000000000101e+00 6.708670300000000308e-01
6.882200000000000095e+00 6.260359300000000182e-01
6.888309999999999711e+00 6.769249699999999592e-01
6.894420000000000215e+00 6.425093499999999791e-01
6.900529999999999831e+00 6.496051000000000464e-01
6.906659999999999577e+00 6.291702700000000315e-01
6.912779999999999703e+00 6.678225700000000042e-01
6.918919999999999959e+00 6.562360400000000205e-01
6.925049999999999706e+00 6.492443700000000151e-01
6.931199999999999584e+00 6.654327799999999460e-01
6.937350000000000350e+00 6.369465100000000213e-01
6.943500000000000227e+00 6.242129899999999676e-01
6.949659999999999727e+00 6.376423199999999847e-01
6.955820000000000114e+00 6.325688200000000316e-01
6.961999999999999744e+00 6.287573600000000429e-01
6.968169999999999753e+00 6.617090199999999811e-01
6.974350000000000271e+00 6.682662799999999903e-01
6.980540000000000411e+00 6.792891699999999977e-01
6.986729999999999663e+00 6.457706399999999514e-01
6.992930000000000312e+00 6.044776800000000172e-01
6.999130000000000074e+00 6.596934300000000251e-01
