6.502510000000000012e+00 6.384813999999999767e-01
6.508270000000000444e+00 6.375321200000000355e-01
6.514050000000000118e+00 6.507517200000000335e-01
6.519829999999999792e+00 6.188340100000000454e-01
6.525610000000000355e+00 6.223823699999999626e-01
6.531399999999999650e+00 6.133830099999999508e-01
6.537189999999999834e+00 6.136701300000000359e-01
6.542989999999999640e+00 6.328333200000000325e-01
6.548799999999999955e+00 6.247631300000000554e-01
6.554610000000000269e+00 6.945597399999999810e-01
6.560419999999999696e+00 6.578775100000000542e-01
6.566239999999999633e+00 6.746817999999999982e-01
6.572070000000000078e+00 6.849963799999999603e-01
6.577899999999999636e+00 6.495109199999999916e-01
6.583730000000000082e+00 6.535099800000000458e-01
6.589570000000000149e+00 6.738073300000000376e-01
6.595419999999999838e+00 6.679644599999999821e-01
6.601270000000000415e+00 6.895412400000000552e-01
6.607129999999999725e+00 6.713037299999999874e-01
6.612989999999999924e+00 7.016381499999999605e-01
6.618850000000000122e+00 7.085191600000000367e-01
6.624729999999999563e+00 6.830145800000000378e-01
6.630600000000000271e+00 6.512174299999999860e-01
6.636490000000000222e+00 6.865737600000000329e-01
6.642369999999999663e+00 7.238930700000000273e-01
6.648270000000000124e+00 7.403886400000000423e-01
6.654160000000000075e+00 7.037667600000000467e-01
6.660070000000000157e+00 7.204727699999999846e-01
6.665969999999999729e+00 7.311345700000000392e-01
6.671890000000000320e+00 7.436404399999999582e-01
6.677810000000000024e+00 7.726562399999999942e-01
6.683729999999999727e+00 7.621177799999999669e-01
6.689659999999999940e+00 7.942704900000000512e-01
6.695590000000000153e+00 7.791579400000000488e-01
6.701529999999999987e+00 8.388036100000000328e-01
6.707480000000000331e+00 7.700379800000000108e-01
6.713429999999999787e+00 8.242380200000000157e-01
6.719389999999999752e+00 8.084620599999999824e-01
6.725349999999999717e+00 7.819664899999999585e-01
6.731309999999999683e+00 7.693340499999999915e-01
6.737280000000000157e+00 7.996812599999999494e-01
6.743260000000000254e+00 7.986652300000000038e-01
6.749240000000000350e+00 7.959208500000000130e-01
6.755230000000000068e+00 8.265007800000000460e-01
6.761219999999999786e+00 8.209052500000000308e-01
6.767220000000000013e+00 8.635968899999999504e-01
6.773229999999999862e+00 8.225783399999999634e-01
6.779230000000000089e+00 7.610269600000000301e-01
6.785249999999999559e+00 8.217784999999999673e-01
6.791269999999999918e+00 8.011649899999999658e-01
6.797290000000000276e+00 7.896068200000000425e-01
6.803320000000000256e+00 8.035462799999999461e-01
6.809359999999999857e+00 7.670753399999999944e-01
6.815400000000000347e+00 7.554118300000000064e-01
6.821439999999999948e+00 7.936919700000000244e-01
6.827499999999999680e+00 7.694976900000000120e-01
6.833549999999999791e+00 7.904321100000000211e-01
6.839610000000000412e+00 7.254638199999999815e-01
6.845679999999999765e+00 7.196221000000000423e-01
6.851759999999999629e+00 7.246622400000000130e-01
6.857829999999999870e+00 6.983472099999999960e-01
6.863920000000000243e+00 7.245574200000000076e-01
6.870009999999999728e+00 6.957249500000000086e-01
6.876100000000000101e+00 6.774855600000000422e-01
6.882200000000000095e+00 6.964528199999999725e-01
6.888309999999999711e+00 6.896329900000000013e-01
6.894420000000000215e+00 6.616222499999999673e-01
6.900529999999999831e+00 6.148533299999999757e-01
6.906659999999999577e+00 6.594213700000000067e-01
6.912779999999999703e+00 6.650566900000000059e-01
6.918919999999999959e+00 6.736763799999999636e-01
6.925049999999999706e+00 6.534220600000000267e-01
6.931199999999999584e+00 6.548475599999999952e-01
6.937350000000000350e+00 6.451752099999999990e-01
6.943500000000000227e+00 6.498870599999999609e-01
6.949659999999999727e+00 6.455185100000000453e-01
6.955820000000000114e+00 6.603544900000000162e-01
6.961999999999999744e+00 6.714378199999999630e-01
6.968169999999999753e+00 6.389289299999999505e-01
6.974350000000000271e+00 6.484735499999999542e-01
6.980540000000000411e+00 6.269405099999999509e-01
6.986729999999999663e+00 6.407146099999999622e-01
6.992930000000000312e+00 6.782713799999999793e-01
6.999130000000000074e+00 6.658707400000000165e-01
